26.408
0.00000e+00 2.00000e-01 nan nan nan 2.07847e+01 nan 2.07847e+01 2.78952e-03 1.75480e+03 0.00000e+00
1.11111e+02 2.00000e-01 nan nan nan 1.57563e+03 nan 1.57563e+03 2.50569e+00 1.37831e+03 0.00000e+00
2.22222e+02 2.00000e-01 nan nan nan 6.92172e+03 nan 6.92172e+03 1.58849e+01 1.44086e+02 0.00000e+00
3.33333e+02 2.00000e-01 nan nan nan 8.06886e+03 nan 8.06886e+03 3.50113e+01 2.21798e+02 0.00000e+00
4.44444e+02 2.00000e-01 nan nan nan 6.30064e+03 nan 6.30064e+03 4.04676e+01 2.38143e+02 0.00000e+00
5.55556e+02 2.00000e-01 nan nan nan 6.76438e+03 nan 6.76438e+03 6.45524e+01 4.05047e+02 0.00000e+00
6.66667e+02 2.00000e-01 nan nan nan 7.80735e+03 nan 7.80735e+03 8.82125e+01 7.44847e+02 0.00000e+00
7.77778e+02 2.00000e-01 nan nan nan 7.95685e+03 nan 7.95685e+03 1.04602e+02 8.54699e+02 0.00000e+00
8.88889e+02 2.00000e-01 nan nan nan 8.82465e+03 nan 8.82465e+03 1.20946e+02 9.64917e+02 0.00000e+00
1.00000e+03 2.00000e-01 nan nan nan 9.51694e+03 nan 9.51694e+03 1.37895e+02 1.07886e+03 0.00000e+00
0.00000e+00 2.66667e-01 nan nan nan 2.07847e+01 nan 2.07847e+01 2.78952e-03 1.75480e+03 0.00000e+00
1.11111e+02 2.66667e-01 nan nan nan 1.29518e+03 nan 1.29518e+03 1.65489e+00 1.57296e+03 0.00000e+00
2.22222e+02 2.66667e-01 nan nan nan 1.63648e+03 nan 1.63648e+03 3.38021e+00 1.25159e+03 0.00000e+00
3.33333e+02 2.66667e-01 nan nan nan 6.45288e+03 nan 6.45288e+03 1.70049e+01 1.64526e+02 0.00000e+00
4.44444e+02 2.66667e-01 nan nan nan 5.56881e+03 nan 5.56881e+03 2.15826e+01 1.75595e+02 0.00000e+00
5.55556e+02 2.66667e-01 nan nan nan 5.06316e+03 nan 5.06316e+03 2.83220e+01 2.82568e+02 0.00000e+00
6.66667e+02 2.66667e-01 nan nan nan 5.92349e+03 nan 5.92349e+03 4.32132e+01 3.41447e+02 0.00000e+00
7.77778e+02 2.66667e-01 nan nan nan 6.49037e+03 nan 6.49037e+03 5.95285e+01 5.10029e+02 0.00000e+00
8.88889e+02 2.66667e-01 nan nan nan 6.77592e+03 nan 6.77592e+03 7.33108e+01 5.99407e+02 0.00000e+00
1.00000e+03 2.66667e-01 nan nan nan 6.97543e+03 nan 6.97543e+03 8.75451e+01 6.66523e+02 0.00000e+00
0.00000e+00 3.33333e-01 nan nan nan 2.07847e+01 nan 2.07847e+01 2.78952e-03 1.75480e+03 0.00000e+00
1.11111e+02 3.33333e-01 nan nan nan 1.12732e+03 nan 1.12732e+03 1.04537e+00 1.65695e+03 0.00000e+00
2.22222e+02 3.33333e-01 nan nan nan 1.42065e+03 nan 1.42065e+03 2.50151e+00 1.33579e+03 0.00000e+00
3.33333e+02 3.33333e-01 nan nan nan 4.27550e+03 nan 4.27550e+03 6.93336e+00 4.27906e+02 0.00000e+00
4.44444e+02 3.33333e-01 nan nan nan 4.98815e+03 nan 4.98815e+03 1.19629e+01 2.28142e+02 0.00000e+00
5.55556e+02 3.33333e-01 nan nan nan 5.74184e+03 nan 5.74184e+03 1.99430e+01 1.52652e+02 0.00000e+00
6.66667e+02 3.33333e-01 nan nan nan 4.28753e+03 nan 4.28753e+03 2.19905e+01 4.29185e+02 0.00000e+00
7.77778e+02 3.33333e-01 nan nan nan 4.82863e+03 nan 4.82863e+03 3.15809e+01 3.99362e+02 0.00000e+00
8.88889e+02 3.33333e-01 nan nan nan 5.07579e+03 nan 5.07579e+03 4.32627e+01 4.31352e+02 0.00000e+00
1.00000e+03 3.33333e-01 nan nan nan 5.59723e+03 nan 5.59723e+03 5.70053e+01 5.56644e+02 0.00000e+00
0.00000e+00 4.00000e-01 nan nan nan 2.07847e+01 nan 2.07847e+01 2.78952e-03 1.75480e+03 0.00000e+00
1.11111e+02 4.00000e-01 nan nan nan 1.12732e+03 nan 1.12732e+03 8.84279e-01 1.66535e+03 0.00000e+00
2.22222e+02 4.00000e-01 nan nan nan 1.17097e+03 nan 1.17097e+03 1.62211e+00 1.59115e+03 0.00000e+00
3.33333e+02 4.00000e-01 nan nan nan 1.39136e+03 nan 1.39136e+03 3.78539e+00 1.25685e+03 0.00000e+00
4.44444e+02 4.00000e-01 nan nan nan 1.99233e+03 nan 1.99233e+03 5.75061e+00 1.08936e+03 0.00000e+00
5.55556e+02 4.00000e-01 nan nan nan 4.46993e+03 nan 4.46993e+03 1.24503e+01 3.69901e+02 0.00000e+00
6.66667e+02 4.00000e-01 nan nan nan 4.65378e+03 nan 4.65378e+03 1.70600e+01 3.23153e+02 0.00000e+00
7.77778e+02 4.00000e-01 nan nan nan 4.28753e+03 nan 4.28753e+03 1.82093e+01 4.24537e+02 0.00000e+00
8.88889e+02 4.00000e-01 nan nan nan 4.40059e+03 nan 4.40059e+03 2.49181e+01 4.16039e+02 0.00000e+00
1.00000e+03 4.00000e-01 nan nan nan 4.36290e+03 nan 4.36290e+03 3.30189e+01 5.10213e+02 0.00000e+00
0.00000e+00 4.66667e-01 nan nan nan 2.07847e+01 nan 2.07847e+01 2.78952e-03 1.75480e+03 0.00000e+00
1.11111e+02 4.66667e-01 nan nan nan 1.04827e+03 nan 1.04827e+03 6.77855e-01 1.67341e+03 0.00000e+00
2.22222e+02 4.66667e-01 nan nan nan 1.10420e+03 nan 1.10420e+03 1.21414e+00 1.61432e+03 0.00000e+00
3.33333e+02 4.66667e-01 nan nan nan 1.29076e+03 nan 1.29076e+03 2.59844e+00 1.30773e+03 0.00000e+00
4.44444e+02 4.66667e-01 nan nan nan 1.43038e+03 nan 1.43038e+03 4.78961e+00 1.24663e+03 0.00000e+00
5.55556e+02 4.66667e-01 nan nan nan 1.86770e+03 nan 1.86770e+03 5.96540e+00 1.11886e+03 0.00000e+00
6.66667e+02 4.66667e-01 nan nan nan 3.08430e+03 nan 3.08430e+03 8.79746e+00 1.03558e+03 0.00000e+00
7.77778e+02 4.66667e-01 nan nan nan 4.47748e+03 nan 4.47748e+03 1.32886e+01 3.65079e+02 0.00000e+00
8.88889e+02 4.66667e-01 nan nan nan 3.79661e+03 nan 3.79661e+03 1.59435e+01 5.68453e+02 0.00000e+00
1.00000e+03 4.66667e-01 nan nan nan 4.28465e+03 nan 4.28465e+03 2.15595e+01 4.46121e+02 0.00000e+00
0.00000e+00 5.33333e-01 nan nan nan 2.07847e+01 nan 2.07847e+01 2.78952e-03 1.75480e+03 0.00000e+00
1.11111e+02 5.33333e-01 nan nan nan 9.56234e+02 nan 9.56234e+02 3.94020e-01 1.68499e+03 0.00000e+00
2.22222e+02 5.33333e-01 nan nan nan 1.11279e+03 nan 1.11279e+03 1.00911e+00 1.62792e+03 0.00000e+00
3.33333e+02 5.33333e-01 nan nan nan 1.13929e+03 nan 1.13929e+03 1.70719e+00 1.55780e+03 0.00000e+00
4.44444e+02 5.33333e-01 nan nan nan 1.26475e+03 nan 1.26475e+03 3.91649e+00 1.28483e+03 0.00000e+00
5.55556e+02 5.33333e-01 nan nan nan 1.68546e+03 nan 1.68546e+03 5.02951e+00 1.17923e+03 0.00000e+00
6.66667e+02 5.33333e-01 nan nan nan 1.81234e+03 nan 1.81234e+03 6.15021e+00 1.16644e+03 0.00000e+00
7.77778e+02 5.33333e-01 nan nan nan 3.13041e+03 nan 3.13041e+03 8.59801e+00 1.04726e+03 0.00000e+00
8.88889e+02 5.33333e-01 nan nan nan 3.48971e+03 nan 3.48971e+03 1.19796e+01 9.75051e+02 0.00000e+00
1.00000e+03 5.33333e-01 nan nan nan 3.93943e+03 nan 3.93943e+03 1.53759e+01 5.10191e+02 0.00000e+00
0.00000e+00 6.00000e-01 nan nan nan 2.07847e+01 nan 2.07847e+01 2.78952e-03 1.75480e+03 0.00000e+00
1.11111e+02 6.00000e-01 nan nan nan 9.53783e+02 nan 9.53783e+02 3.39625e-01 1.69411e+03 0.00000e+00
2.22222e+02 6.00000e-01 nan nan nan 1.00386e+03 nan 1.00386e+03 7.92922e-01 1.64058e+03 0.00000e+00
3.33333e+02 6.00000e-01 nan nan nan 1.08886e+03 nan 1.08886e+03 1.33409e+00 1.58090e+03 0.00000e+00
4.44444e+02 6.00000e-01 nan nan nan 1.18441e+03 nan 1.18441e+03 2.73373e+00 1.32335e+03 0.00000e+00
5.55556e+02 6.00000e-01 nan nan nan 1.31673e+03 nan 1.31673e+03 4.36491e+00 1.26705e+03 0.00000e+00
6.66667e+02 6.00000e-01 nan nan nan 1.49409e+03 nan 1.49409e+03 5.19410e+00 1.23485e+03 0.00000e+00
7.77778e+02 6.00000e-01 nan nan nan 1.87922e+03 nan 1.87922e+03 6.37476e+00 1.15754e+03 0.00000e+00
8.88889e+02 6.00000e-01 nan nan nan 2.80071e+03 nan 2.80071e+03 8.68658e+00 1.04687e+03 0.00000e+00
1.00000e+03 6.00000e-01 nan nan nan 3.06760e+03 nan 3.06760e+03 1.12195e+01 1.00374e+03 0.00000e+00
0.00000e+00 6.66667e-01 nan nan nan 2.07847e+01 nan 2.07847e+01 2.78952e-03 1.75480e+03 0.00000e+00
1.11111e+02 6.66667e-01 nan nan nan 8.27627e+02 nan 8.27627e+02 2.32925e-01 1.69917e+03 0.00000e+00
2.22222e+02 6.66667e-01 nan nan nan 9.16161e+02 nan 9.16161e+02 6.29038e-01 1.65941e+03 0.00000e+00
3.33333e+02 6.66667e-01 nan nan nan 1.08472e+03 nan 1.08472e+03 1.13813e+00 1.59487e+03 0.00000e+00
4.44444e+02 6.66667e-01 nan nan nan 1.22085e+03 nan 1.22085e+03 1.94988e+00 1.52427e+03 0.00000e+00
5.55556e+02 6.66667e-01 nan nan nan 1.20994e+03 nan 1.20994e+03 3.63336e+00 1.30613e+03 0.00000e+00
6.66667e+02 6.66667e-01 nan nan nan 1.33760e+03 nan 1.33760e+03 4.59714e+00 1.26221e+03 0.00000e+00
7.77778e+02 6.66667e-01 nan nan nan 1.52316e+03 nan 1.52316e+03 5.39982e+00 1.22677e+03 0.00000e+00
8.88889e+02 6.66667e-01 nan nan nan 1.81539e+03 nan 1.81539e+03 6.54562e+00 1.13832e+03 0.00000e+00
1.00000e+03 6.66667e-01 nan nan nan 2.68241e+03 nan 2.68241e+03 8.67961e+00 1.05164e+03 0.00000e+00
0.00000e+00 7.33333e-01 nan nan nan 2.07847e+01 nan 2.07847e+01 2.78952e-03 1.75480e+03 0.00000e+00
1.11111e+02 7.33333e-01 nan nan nan 5.53242e+02 nan 5.53242e+02 1.45753e-01 1.70128e+03 0.00000e+00
2.22222e+02 7.33333e-01 nan nan nan 9.61340e+02 nan 9.61340e+02 5.40470e-01 1.66474e+03 0.00000e+00
3.33333e+02 7.33333e-01 nan nan nan 1.02947e+03 nan 1.02947e+03 9.21938e-01 1.61199e+03 0.00000e+00
4.44444e+02 7.33333e-01 nan nan nan 1.03996e+03 nan 1.03996e+03 1.49100e+00 1.55701e+03 0.00000e+00
5.55556e+02 7.33333e-01 nan nan nan 1.10859e+03 nan 1.10859e+03 2.80766e+00 1.34646e+03 0.00000e+00
6.66667e+02 7.33333e-01 nan nan nan 1.25744e+03 nan 1.25744e+03 4.02459e+00 1.28893e+03 0.00000e+00
7.77778e+02 7.33333e-01 nan nan nan 1.37227e+03 nan 1.37227e+03 4.79380e+00 1.25370e+03 0.00000e+00
8.88889e+02 7.33333e-01 nan nan nan 1.55120e+03 nan 1.55120e+03 5.56510e+00 1.22583e+03 0.00000e+00
1.00000e+03 7.33333e-01 nan nan nan 3.01092e+03 nan 3.01092e+03 7.03100e+00 1.15642e+03 0.00000e+00
0.00000e+00 8.00000e-01 nan nan nan 2.07847e+01 nan 2.07847e+01 2.78952e-03 1.75480e+03 0.00000e+00
1.11111e+02 8.00000e-01 nan nan nan 4.74342e+02 nan 4.74342e+02 1.22042e-01 1.70719e+03 0.00000e+00
2.22222e+02 8.00000e-01 nan nan nan 7.70025e+02 nan 7.70025e+02 3.47296e-01 1.67399e+03 0.00000e+00
3.33333e+02 8.00000e-01 nan nan nan 9.25087e+02 nan 9.25087e+02 7.60843e-01 1.62627e+03 0.00000e+00
4.44444e+02 8.00000e-01 nan nan nan 1.06623e+03 nan 1.06623e+03 1.23785e+00 1.57254e+03 0.00000e+00
5.55556e+02 8.00000e-01 nan nan nan 9.74778e+02 nan 9.74778e+02 1.97010e+00 1.49775e+03 0.00000e+00
6.66667e+02 8.00000e-01 nan nan nan 1.16423e+03 nan 1.16423e+03 3.36207e+00 1.32844e+03 0.00000e+00
7.77778e+02 8.00000e-01 nan nan nan 1.30237e+03 nan 1.30237e+03 4.26379e+00 1.27270e+03 0.00000e+00
8.88889e+02 8.00000e-01 nan nan nan 1.40131e+03 nan 1.40131e+03 4.97512e+00 1.24882e+03 0.00000e+00
1.00000e+03 8.00000e-01 nan nan nan 1.54209e+03 nan 1.54209e+03 5.73178e+00 1.22120e+03 0.00000e+00
