AspectRatio 1.36796397704
Longitude Latitude
-72.65289651866539 -42.82603424235141
-72.64893163695757 -42.83948375642101
-72.64975332082031 -42.839975814724674
-72.65465810141976 -42.83576420341036
-72.65157141428489 -42.83322084787092
-72.65779077385008 -42.83765834892199
-72.65080356102766 -42.8319640858082
-72.64163595209304 -42.84419988816589
-72.6542668862876 -42.83331397250247
-72.64978454271824 -42.84073534325989
-72.63722093841565 -42.833649305391
-72.63779018613776 -42.82764433786815
-72.64366375176203 -42.83545363149939
-72.65693051490315 -42.83708684621617
-72.64284861001354 -42.8388807365712
-72.65721722356534 -42.83411031832072
-72.63768103708531 -42.835448334733485
-72.64638991398229 -42.84128167500125
-72.64328032246875 -42.83488195982412
-72.65209624255935 -42.82982909844453
-72.64982961737034 -42.83745973489022
-72.65339052828014 -42.83311835155161
-72.64437164603342 -42.83843569700668
-72.64133389532668 -42.83538004742306
-72.65362321445959 -42.83155259758169
-72.64957846671372 -42.8334976025898
-72.65231902722181 -42.83709378461687
-72.64777787476984 -42.831015386115304
-72.64546893131967 -42.83141526479116
-72.64520707760452 -42.83236709193504
-72.63688297655843 -42.8353860101465
-72.64082126047981 -42.83610827783988
-72.65989115124506 -42.82684541141712
-72.64950570691984 -42.8335698808318
-72.64921868560263 -42.83672340226171
-72.64338877081957 -42.83665996206409
-72.6469829341333 -42.8343018346908
-72.6540007274026 -42.84186512192365
-72.64798495141349 -42.8306358308968
-72.65025381889451 -42.833453711890826
-72.65328910041552 -42.83835375941778
-72.65163806600839 -42.83111099510108
-72.64369092073038 -42.834336417045364
-72.64320851090487 -42.83199196056609
-72.65667922736931 -42.82759130710774
-72.66110767302081 -42.84137904434645
-72.65729095249617 -42.837753697645134
-72.65436386619044 -42.83365161271777
-72.64785931353093 -42.828031401281706
-72.64613133122108 -42.825929957376225

