30.218
1.00000e+02 2.00000e-01 7.67257e-04 5.97383e+03 1.24406e+04 2.08660e+02 7.67257e-04 2.08660e+02 8.76602e-02
2.55556e+02 2.00000e-01 2.21573e-01 4.92361e+03 1.10420e+04 2.36294e+04 2.21573e-01 2.36294e+04 4.12068e+02
4.11111e+02 2.00000e-01 2.15477e-01 6.14815e+03 1.22465e+04 2.47974e+04 2.15477e-01 2.47974e+04 5.30225e+02
5.66667e+02 2.00000e-01 2.00673e-01 6.41826e+03 1.07652e+04 2.26956e+04 2.00673e-01 2.26956e+04 5.69340e+02
7.22222e+02 2.00000e-01 1.79817e-01 7.16358e+03 1.24828e+04 2.50320e+04 1.79817e-01 2.50320e+04 6.35376e+02
8.77778e+02 2.00000e-01 1.63982e-01 7.78694e+03 1.32357e+04 2.58204e+04 1.63982e-01 2.58204e+04 6.96732e+02
1.03333e+03 2.00000e-01 1.48618e-01 8.47464e+03 1.46572e+04 2.72301e+04 1.48618e-01 2.72301e+04 7.68757e+02
1.18889e+03 2.00000e-01 1.36527e-01 8.99872e+03 1.53045e+04 2.77863e+04 1.36527e-01 2.77863e+04 8.36841e+02
1.34444e+03 2.00000e-01 1.25484e-01 9.66175e+03 1.59401e+04 2.85044e+04 1.25484e-01 2.85044e+04 9.10487e+02
1.50000e+03 2.00000e-01 1.18364e-01 9.95876e+03 1.41114e+04 2.66884e+04 1.18364e-01 2.66884e+04 9.65252e+02
1.00000e+02 2.66667e-01 7.27296e-04 5.97589e+03 1.24429e+04 2.00492e+02 7.27296e-04 2.00492e+02 8.30945e-02
2.55556e+02 2.66667e-01 3.83014e-01 2.33777e+03 5.03666e+03 1.38356e+04 3.83014e-01 1.38356e+04 1.83270e+02
4.11111e+02 2.66667e-01 3.99601e-01 2.96281e+03 6.16233e+03 1.49671e+04 3.99601e-01 1.49671e+04 2.85792e+02
5.66667e+02 2.66667e-01 3.53960e-01 3.31160e+03 6.53831e+03 1.56388e+04 3.53960e-01 1.56388e+04 3.22780e+02
7.22222e+02 2.66667e-01 3.19542e-01 3.83403e+03 7.32877e+03 1.55757e+04 3.19542e-01 1.55757e+04 3.57548e+02
8.77778e+02 2.66667e-01 2.88613e-01 4.34986e+03 7.98511e+03 1.61135e+04 2.88613e-01 1.61135e+04 3.95863e+02
1.03333e+03 2.66667e-01 2.62189e-01 4.83401e+03 8.71103e+03 1.67614e+04 2.62189e-01 1.67614e+04 4.35760e+02
1.18889e+03 2.66667e-01 2.36920e-01 5.43163e+03 9.30731e+03 2.04451e+04 2.36920e-01 2.04451e+04 4.82237e+02
1.34444e+03 2.66667e-01 2.18189e-01 5.91034e+03 1.00105e+04 2.02974e+04 2.18189e-01 2.02974e+04 5.23634e+02
1.50000e+03 2.66667e-01 2.01864e-01 6.38474e+03 1.05149e+04 2.11459e+04 2.01864e-01 2.11459e+04 5.65982e+02
1.00000e+02 3.33333e-01 6.55366e-04 5.98057e+03 1.24429e+04 2.00492e+02 6.55366e-04 2.00492e+02 7.48764e-02
2.55556e+02 3.33333e-01 5.23779e-01 1.53813e+03 5.03258e+03 1.13906e+04 5.23779e-01 1.13906e+04 9.27116e+01
4.11111e+02 3.33333e-01 5.91606e-01 1.26666e+03 3.16273e+03 1.20643e+04 5.91606e-01 1.20643e+04 1.68339e+02
5.66667e+02 3.33333e-01 5.56757e-01 1.70624e+03 3.78057e+03 1.33452e+04 5.56757e-01 1.33452e+04 2.01601e+02
7.22222e+02 3.33333e-01 5.03938e-01 2.01312e+03 4.37435e+03 1.32384e+04 5.03938e-01 1.32384e+04 2.24324e+02
8.77778e+02 3.33333e-01 4.54599e-01 2.39631e+03 4.93707e+03 1.42049e+04 4.54599e-01 1.42049e+04 2.49947e+02
1.03333e+03 3.33333e-01 4.12853e-01 2.76998e+03 5.59098e+03 1.42330e+04 4.12853e-01 1.42330e+04 2.76008e+02
1.18889e+03 3.33333e-01 3.76332e-01 3.14796e+03 6.16020e+03 1.37759e+04 3.76332e-01 1.37759e+04 3.03288e+02
1.34444e+03 3.33333e-01 3.42708e-01 3.55456e+03 6.48152e+03 1.42700e+04 3.42708e-01 1.42700e+04 3.33378e+02
1.50000e+03 3.33333e-01 3.14165e-01 3.91875e+03 6.96545e+03 1.56071e+04 3.14165e-01 1.56071e+04 3.63666e+02
1.00000e+02 4.00000e-01 5.83435e-04 5.98624e+03 1.24630e+04 1.72034e+02 5.83435e-04 1.72034e+02 6.66583e-02
2.55556e+02 4.00000e-01 4.10036e-01 1.84180e+03 5.58939e+03 1.21734e+04 4.10036e-01 1.21734e+04 5.49355e+01
4.11111e+02 4.00000e-01 6.61064e-01 1.11947e+03 4.63134e+03 1.01274e+04 6.61064e-01 1.01274e+04 1.00991e+02
5.66667e+02 4.00000e-01 7.39122e-01 1.03157e+03 4.11566e+03 8.81698e+03 7.39122e-01 8.81698e+03 1.35601e+02
7.22222e+02 4.00000e-01 6.86987e-01 1.13424e+03 4.35512e+03 9.09121e+03 6.86987e-01 9.09121e+03 1.52419e+02
8.77778e+02 4.00000e-01 6.29506e-01 1.30186e+03 3.82143e+03 1.11081e+04 6.29506e-01 1.11081e+04 1.72145e+02
1.03333e+03 4.00000e-01 5.81555e-01 1.53092e+03 3.26985e+03 1.14532e+04 5.81555e-01 1.14532e+04 1.90491e+02
1.18889e+03 4.00000e-01 5.36325e-01 1.79302e+03 3.75646e+03 1.15742e+04 5.36325e-01 1.15742e+04 2.09095e+02
1.34444e+03 4.00000e-01 4.91565e-01 2.13517e+03 4.47805e+03 1.39860e+04 4.91565e-01 1.39860e+04 2.29692e+02
1.50000e+03 4.00000e-01 4.55540e-01 2.33832e+03 4.71466e+03 1.16953e+04 4.55540e-01 1.16953e+04 2.48756e+02
1.00000e+02 4.66667e-01 5.51466e-04 5.98881e+03 1.24630e+04 1.71742e+02 5.51466e-04 1.71742e+02 6.30058e-02
2.55556e+02 4.66667e-01 2.13934e-01 2.77741e+03 7.62498e+03 8.91635e+03 2.13934e-01 8.91635e+03 2.53767e+01
4.11111e+02 4.66667e-01 4.43222e-01 1.61705e+03 5.43885e+03 8.20889e+03 4.43222e-01 8.20889e+03 5.96409e+01
5.66667e+02 4.66667e-01 6.94001e-01 1.58423e+03 6.49024e+03 7.88468e+03 6.94001e-01 7.88468e+03 9.18679e+01
7.22222e+02 4.66667e-01 7.51891e-01 1.25423e+03 6.04175e+03 8.43442e+03 7.51891e-01 8.43442e+03 1.07635e+02
8.77778e+02 4.66667e-01 7.52723e-01 1.20043e+03 5.00548e+03 7.73591e+03 7.52723e-01 7.73591e+03 1.22202e+02
1.03333e+03 4.66667e-01 7.22485e-01 1.17816e+03 5.04493e+03 8.34296e+03 7.22485e-01 8.34296e+03 1.37651e+02
1.18889e+03 4.66667e-01 6.77152e-01 1.22751e+03 4.59013e+03 8.81334e+03 6.77152e-01 8.81334e+03 1.52684e+02
1.34444e+03 4.66667e-01 6.33526e-01 1.33309e+03 4.12060e+03 9.15470e+03 6.33526e-01 9.15470e+03 1.67670e+02
1.50000e+03 4.66667e-01 5.92745e-01 1.48676e+03 3.20746e+03 1.15742e+04 5.92745e-01 1.15742e+04 1.84056e+02
1.00000e+02 5.33333e-01 5.27489e-04 5.99213e+03 1.24630e+04 1.50510e+02 5.27489e-04 1.50510e+02 6.02664e-02
2.55556e+02 5.33333e-01 1.24331e-01 3.03361e+03 8.04003e+03 6.92671e+03 1.24331e-01 6.92671e+03 1.42430e+01
4.11111e+02 5.33333e-01 2.70041e-01 2.26618e+03 5.92089e+03 8.36586e+03 2.70041e-01 8.36586e+03 3.14161e+01
5.66667e+02 5.33333e-01 4.13542e-01 1.86791e+03 4.80385e+03 7.80089e+03 4.13542e-01 7.80089e+03 4.95737e+01
7.22222e+02 5.33333e-01 5.96702e-01 1.69976e+03 7.03010e+03 7.03566e+03 5.96702e-01 7.03566e+03 7.36546e+01
8.77778e+02 5.33333e-01 6.86186e-01 1.62444e+03 6.74629e+03 7.44339e+03 6.86186e-01 7.44339e+03 8.89477e+01
1.03333e+03 5.33333e-01 7.39087e-01 1.38289e+03 6.34055e+03 7.39878e+03 7.39087e-01 7.39878e+03 1.01174e+02
1.18889e+03 5.33333e-01 7.56421e-01 1.31987e+03 5.97763e+03 8.27850e+03 7.56421e-01 8.27850e+03 1.13986e+02
1.34444e+03 5.33333e-01 7.38136e-01 1.26045e+03 5.39112e+03 7.70440e+03 7.38136e-01 7.70440e+03 1.26306e+02
1.50000e+03 5.33333e-01 7.10663e-01 1.22234e+03 5.06783e+03 8.18435e+03 7.10663e-01 8.18435e+03 1.39365e+02
1.00000e+02 6.00000e-01 4.79536e-04 5.99342e+03 1.24630e+04 1.41497e+02 4.79536e-04 1.41497e+02 5.47876e-02
2.55556e+02 6.00000e-01 7.34329e-02 3.39086e+03 9.06133e+03 5.91466e+03 7.34329e-02 5.91466e+03 8.38981e+00
4.11111e+02 6.00000e-01 1.63397e-01 2.74075e+03 6.64396e+03 7.38383e+03 1.63397e-01 7.38383e+03 1.87246e+01
5.66667e+02 6.00000e-01 2.56008e-01 2.47505e+03 5.86986e+03 7.77764e+03 2.56008e-01 7.77764e+03 2.93123e+01
7.22222e+02 6.00000e-01 4.08835e-01 2.18125e+03 8.08630e+03 8.15586e+03 4.08835e-01 8.15586e+03 4.84158e+01
8.77778e+02 6.00000e-01 4.92594e-01 1.97282e+03 7.47318e+03 7.63640e+03 4.92594e-01 7.63640e+03 6.02919e+01
1.03333e+03 6.00000e-01 5.92664e-01 1.99268e+03 7.57425e+03 6.31553e+03 5.92664e-01 6.31553e+03 7.24813e+01
1.18889e+03 6.00000e-01 6.78461e-01 1.75477e+03 6.96008e+03 6.50941e+03 6.78461e-01 6.50941e+03 8.62083e+01
1.34444e+03 6.00000e-01 7.27752e-01 1.50971e+03 6.59674e+03 7.09287e+03 7.27752e-01 7.09287e+03 9.68928e+01
1.50000e+03 6.00000e-01 7.54793e-01 1.40472e+03 6.23390e+03 7.49957e+03 7.54793e-01 7.49957e+03 1.07333e+02
1.00000e+02 6.66667e-01 4.39574e-04 5.99611e+03 1.24832e+04 1.41141e+02 4.39574e-04 1.41141e+02 5.02220e-02
2.55556e+02 6.66667e-01 7.84094e-02 3.84887e+03 1.13592e+04 6.58946e+03 7.84094e-02 6.58946e+03 9.69102e+00
4.11111e+02 6.66667e-01 1.20707e-01 2.94675e+03 7.11185e+03 6.57375e+03 1.20707e-01 6.57375e+03 1.37910e+01
5.66667e+02 6.66667e-01 1.72847e-01 3.15786e+03 9.01233e+03 5.53677e+03 1.72847e-01 5.53677e+03 1.97555e+01
7.22222e+02 6.66667e-01 2.67181e-01 2.57038e+03 7.75272e+03 8.13885e+03 2.67181e-01 8.13885e+03 3.14180e+01
8.77778e+02 6.66667e-01 3.70369e-01 2.37308e+03 8.02767e+03 7.74949e+03 3.70369e-01 7.74949e+03 4.32612e+01
1.03333e+03 6.66667e-01 4.10130e-01 2.18005e+03 5.91528e+03 6.77468e+03 4.10130e-01 6.77468e+03 5.20071e+01
1.18889e+03 6.66667e-01 5.15289e-01 2.02910e+03 7.97058e+03 8.12605e+03 5.15289e-01 8.12605e+03 6.09147e+01
1.34444e+03 6.66667e-01 5.93880e-01 2.02417e+03 7.63175e+03 6.40265e+03 5.93880e-01 6.40265e+03 7.22804e+01
1.50000e+03 6.66667e-01 6.70316e-01 1.86555e+03 7.28017e+03 6.33907e+03 6.70316e-01 6.33907e+03 8.41191e+01
1.00000e+02 7.33333e-01 3.99613e-04 5.99763e+03 1.24832e+04 1.41141e+02 3.99613e-04 1.41141e+02 4.56563e-02
2.55556e+02 7.33333e-01 1.34270e-03 5.94232e+03 1.23780e+04 2.47470e+02 1.34270e-03 2.47470e+02 1.53405e-01
4.11111e+02 7.33333e-01 7.60889e-02 3.46180e+03 8.87769e+03 6.45454e+03 7.60889e-02 6.45454e+03 8.70210e+00
5.66667e+02 7.33333e-01 1.21898e-01 3.20898e+03 8.11943e+03 5.50025e+03 1.21898e-01 5.50025e+03 1.39270e+01
7.22222e+02 7.33333e-01 1.63290e-01 3.30648e+03 9.42098e+03 5.46485e+03 1.63290e-01 5.46485e+03 1.86561e+01
8.77778e+02 7.33333e-01 2.42297e-01 2.84157e+03 7.99549e+03 7.00899e+03 2.42297e-01 7.00899e+03 2.82330e+01
1.03333e+03 7.33333e-01 3.01915e-01 2.86502e+03 8.93388e+03 6.43348e+03 3.01915e-01 6.43348e+03 3.49079e+01
1.18889e+03 7.33333e-01 3.88067e-01 2.62337e+03 8.43789e+03 7.77770e+03 3.88067e-01 7.77770e+03 4.49304e+01
1.34444e+03 7.33333e-01 4.48479e-01 2.17555e+03 7.73186e+03 7.63804e+03 4.48479e-01 7.63804e+03 5.45274e+01
1.50000e+03 7.33333e-01 5.22554e-01 2.13015e+03 7.97049e+03 7.49957e+03 5.22554e-01 7.49957e+03 6.12790e+01
1.00000e+02 8.00000e-01 3.59652e-04 6.00315e+03 1.24854e+04 1.21719e+02 3.59652e-04 1.21719e+02 4.10907e-02
2.55556e+02 8.00000e-01 1.18285e-03 5.94622e+03 1.23982e+04 2.33361e+02 1.18285e-03 2.33361e+02 1.35143e-01
4.11111e+02 8.00000e-01 8.93060e-02 3.36536e+03 8.30436e+03 6.28636e+03 8.93060e-02 6.28636e+03 1.02362e+01
5.66667e+02 8.00000e-01 9.53020e-02 3.30930e+03 8.26262e+03 5.58757e+03 9.53020e-02 5.58757e+03 1.09274e+01
7.22222e+02 8.00000e-01 1.23960e-01 3.28695e+03 8.08405e+03 5.55792e+03 1.23960e-01 5.55792e+03 1.41626e+01
8.77778e+02 8.00000e-01 2.12153e-01 2.78971e+03 7.94877e+03 6.88669e+03 2.12153e-01 6.88669e+03 2.67701e+01
1.03333e+03 8.00000e-01 2.31822e-01 3.18525e+03 8.19124e+03 6.40215e+03 2.31822e-01 6.40215e+03 2.69820e+01
1.18889e+03 8.00000e-01 2.80456e-01 3.06620e+03 8.15528e+03 6.51822e+03 2.80456e-01 6.51822e+03 3.24763e+01
1.34444e+03 8.00000e-01 3.32439e-01 2.89300e+03 8.70817e+03 6.42223e+03 3.32439e-01 6.42223e+03 3.80838e+01
1.50000e+03 8.00000e-01 4.13983e-01 2.40115e+03 8.46194e+03 7.44339e+03 4.13983e-01 7.44339e+03 4.76661e+01
