-71.44507 -16.26101
-71.44319 -16.26108
-71.44165 -16.26149
-71.43974 -16.26205
-71.43755 -16.26266
-71.43404 -16.26324
-71.43228 -16.2635
-71.42952 -16.26454
-71.4276 -16.26509
-71.4267 -16.26517
-71.42483 -16.26433
-71.42378 -16.26411
-71.42104 -16.26421
-71.41996 -16.26422
-71.4196 -16.26399
-71.41919 -16.26286
-71.419 -16.26239
-71.41778 -16.26151
-71.41554 -16.26119
-71.41414 -16.26065
-71.41275 -16.25981
-71.41106 -16.25874
-71.40984 -16.25848
-71.40793 -16.2585
-71.40667 -16.25823
-71.40556 -16.25773
-71.40475 -16.25717
-71.40312 -16.25727
-71.40215 -16.25756
-71.40118 -16.25819
-71.40059 -16.25843
-71.39913 -16.25849
-71.39782 -16.25851
-71.39695 -16.25813
-71.39553 -16.2571
-71.39464 -16.25642
-71.39373 -16.25626
-71.39318 -16.25648
-71.39263 -16.25715
-71.39229 -16.25808
-71.39219 -16.25889
-71.39196 -16.26003
-71.39141 -16.26057
-71.38982 -16.26058
-71.38845 -16.26039
-71.38765 -16.26016
-71.38694 -16.26051
-71.38594 -16.2614
-71.38542 -16.26252
-71.38492 -16.26365
-71.3848 -16.26438
-71.38378 -16.2648
-71.38157 -16.265
-71.37937 -16.26551
-71.37711 -16.26592
-71.3751 -16.26631
-71.37422 -16.26649
-71.37281 -16.26721
-71.3716 -16.26782
-71.37098 -16.26796
-71.37033 -16.2685
-71.36985 -16.26957
-71.3694 -16.27091
-71.36858 -16.27267
-71.368 -16.27377
-71.3671 -16.27437
-71.36602 -16.27496
-71.36514 -16.27551
-71.36372 -16.27685
-71.36278 -16.27786
-71.36234 -16.27848
-71.36205 -16.27918
-71.36195 -16.2801
-71.36194 -16.28078
-71.3617 -16.28232
-71.36123 -16.28363
-71.36056 -16.28473
-71.35964 -16.28579
-71.35794 -16.2875
-71.35643 -16.2895
-71.35565 -16.29043
-71.35515 -16.29131
-71.35505 -16.2927
-71.35515 -16.29317
-71.35577 -16.29362
-71.35638 -16.29416
-71.35687 -16.29474
-71.35711 -16.29636
-71.35705 -16.29824
-71.35701 -16.29863
-71.35528 -16.29869
-71.35417 -16.29844
-71.35355 -16.29837
-71.35316 -16.29875
-71.35343 -16.29931
-71.35464 -16.30075
-71.35598 -16.30184
-71.35703 -16.3044
-71.35803 -16.30678
-71.35828 -16.30892
-71.35811 -16.31123
-71.35808 -16.31392
-71.35808 -16.31585
-71.35813 -16.31642
-71.35849 -16.31721
-71.35881 -16.3177
-71.36 -16.31946
-71.36117 -16.32112
-71.36212 -16.32249
-71.36237 -16.3245
-71.36269 -16.32595
-71.3635 -16.32718
-71.3644 -16.32807
-71.36485 -16.32884
-71.36518 -16.33016
-71.36561 -16.33263
-71.36573 -16.33541
-71.36633 -16.33741
-71.3671 -16.33877
-71.36751 -16.3402
-71.36784 -16.34146
-71.36778 -16.34242
-71.36757 -16.34326
-71.36787 -16.34392
-71.36821 -16.34434
-71.36905 -16.34482
-71.36952 -16.3449
-71.36974 -16.34492
-71.36979 -16.34338
-71.36975 -16.34223
-71.36941 -16.34106
-71.36849 -16.34
-71.36774 -16.33885
-71.36719 -16.33687
-71.36631 -16.33363
-71.36636 -16.33119
-71.36621 -16.32953
-71.36673 -16.32811
-71.36716 -16.32703
-71.36737 -16.32669
-71.36777 -16.32669
-71.3684 -16.32745
-71.36882 -16.32915
-71.36921 -16.33193
-71.36982 -16.33462
-71.37082 -16.33687
-71.37195 -16.3387
-71.37321 -16.34044
-71.37384 -16.34146
-71.37412 -16.34244
-71.37445 -16.34449
-71.37381 -16.3465
-71.37366 -16.3483
-71.3743 -16.35022
-71.37528 -16.35232
-71.37628 -16.35428
-71.37671 -16.35549
-71.37747 -16.35796
-71.37807 -16.35971
-71.37867 -16.36197
-71.37884 -16.36458
-71.37864 -16.36663
-71.37856 -16.3677
-71.37929 -16.369
-71.37972 -16.37002
-71.38046 -16.37082
-71.38108 -16.37214
-71.38124 -16.37246
-71.38167 -16.37199
-71.38133 -16.37077
-71.38053 -16.36935
-71.38007 -16.36801
-71.37968 -16.36649
-71.379 -16.36357
-71.37884 -16.36122
-71.37768 -16.357
-71.37773 -16.35336
-71.37675 -16.35143
-71.3757 -16.35022
-71.37524 -16.34924
-71.37502 -16.34707
-71.37504 -16.34521
-71.37553 -16.34375
-71.37563 -16.34184
-71.37521 -16.34009
-71.37337 -16.33793
-71.3721 -16.33607
-71.37204 -16.33448
-71.37206 -16.33265
-71.37258 -16.33131
-71.3735 -16.33058
-71.37417 -16.33134
-71.37547 -16.33244
-71.37641 -16.33302
-71.37792 -16.33339
-71.37827 -16.3336
-71.37864 -16.3348
-71.37871 -16.33663
-71.37866 -16.33976
-71.3785 -16.34147
-71.37843 -16.34284
-71.37848 -16.34361
-71.37897 -16.3436
-71.37906 -16.34044
-71.37931 -16.33868
-71.37959 -16.33624
-71.38039 -16.33666
-71.38134 -16.33797
-71.38281 -16.33881
-71.38346 -16.34124
-71.38366 -16.34329
-71.38386 -16.34483
-71.38463 -16.3461
-71.38526 -16.34759
-71.38515 -16.34892
-71.38314 -16.35168
-71.38194 -16.35439
-71.3813 -16.3567
-71.38106 -16.35871
-71.3814 -16.36106
-71.38205 -16.36362
-71.38337 -16.36664
-71.38433 -16.3695
-71.38484 -16.37146
-71.38553 -16.37299
-71.38611 -16.37362
-71.38691 -16.37353
-71.38739 -16.37301
-71.38733 -16.37224
-71.38611 -16.37016
-71.38551 -16.36824
-71.385 -16.36577
-71.3849 -16.365
-71.38351 -16.36343
-71.38302 -16.35993
-71.38267 -16.35677
-71.38283 -16.35497
-71.3833 -16.35373
-71.38455 -16.35243
-71.38588 -16.35109
-71.38693 -16.35014
-71.38781 -16.34919
-71.388 -16.34895
-71.38823 -16.34779
-71.38896 -16.34774
-71.38978 -16.34788
-71.39045 -16.34817
-71.39057 -16.34886
-71.38995 -16.35046
-71.3895 -16.35181
-71.38911 -16.35282
-71.38875 -16.35372
-71.38867 -16.35443
-71.38897 -16.35558
-71.38964 -16.35625
-71.39001 -16.35567
-71.39021 -16.3539
-71.39013 -16.35232
-71.39042 -16.35122
-71.39079 -16.35021
-71.39164 -16.34945
-71.39239 -16.34891
-71.39285 -16.34897
-71.39317 -16.34944
-71.39318 -16.35055
-71.39278 -16.35239
-71.392 -16.35371
-71.39149 -16.35489
-71.39125 -16.35589
-71.39116 -16.35684
-71.39141 -16.35752
-71.39192 -16.35762
-71.39264 -16.35661
-71.39337 -16.35523
-71.39375 -16.35381
-71.39401 -16.35278
-71.39444 -16.35184
-71.39504 -16.35183
-71.39555 -16.35232
-71.39563 -16.35347
-71.3957 -16.35539
-71.39568 -16.35711
-71.39613 -16.35838
-71.39629 -16.36013
-71.39632 -16.36274
-71.39616 -16.36441
-71.39613 -16.36505
-71.39666 -16.36543
-71.39711 -16.3653
-71.39733 -16.36235
-71.39721 -16.35923
-71.39712 -16.35585
-71.39697 -16.35414
-71.397 -16.35299
-71.39779 -16.35246
-71.39894 -16.35275
-71.40007 -16.35419
-71.40013 -16.35547
-71.40006 -16.35693
-71.39994 -16.35847
-71.39988 -16.36018
-71.40033 -16.36124
-71.40092 -16.36231
-71.40164 -16.36328
-71.40191 -16.36366
-71.402 -16.36713
-71.40207 -16.37247
-71.40202 -16.37576
-71.40262 -16.37811
-71.40372 -16.3813
-71.40463 -16.38309
-71.40578 -16.3829
-71.4034 -16.37677
-71.40343 -16.37181
-71.40338 -16.36796
-71.40442 -16.36556
-71.40382 -16.3606
-71.4031 -16.35907
-71.40421 -16.35632
-71.40462 -16.35298
-71.40561 -16.35451
-71.4059 -16.35682
-71.40602 -16.35904
-71.40692 -16.36057
-71.40819 -16.36227
-71.40882 -16.3638
-71.40972 -16.3649
-71.41123 -16.36522
-71.41282 -16.36478
-71.41405 -16.36391
-71.41305 -16.36178
-71.41116 -16.35949
-71.40981 -16.35729
-71.40926 -16.35618
-71.40905 -16.35328
-71.41035 -16.3545
-71.41121 -16.35616
-71.4123 -16.35828
-71.41356 -16.36028
-71.41469 -16.36172
-71.4151 -16.36266
-71.41516 -16.36394
-71.4158 -16.36556
-71.41625 -16.36653
-71.41644 -16.36726
-71.4168 -16.36738
-71.41759 -16.36708
-71.41797 -16.36592
-71.41795 -16.36361
-71.41762 -16.36241
-71.41676 -16.36067
-71.41541 -16.35923
-71.41402 -16.35771
-71.41294 -16.35631
-71.41235 -16.35533
-71.41198 -16.35414
-71.41201 -16.35286
-71.41222 -16.35208
-71.41491 -16.35471
-71.41626 -16.35653
-71.41731 -16.35836
-71.4179 -16.35967
-71.41876 -16.36146
-71.41935 -16.36291
-71.41998 -16.36375
-71.42017 -16.36469
-71.42046 -16.36632
-71.42027 -16.36858
-71.41981 -16.37115
-71.41946 -16.37308
-71.41939 -16.37627
-71.41979 -16.3799
-71.42008 -16.38191
-71.4201 -16.38409
-71.41986 -16.38614
-71.41956 -16.38683
-71.41979 -16.38768
-71.42056 -16.38896
-71.42116 -16.39087
-71.42144 -16.39198
-71.42156 -16.39463
-71.42189 -16.39621
-71.42257 -16.39753
-71.42285 -16.39885
-71.42256 -16.39992
-71.42283 -16.4006
-71.42341 -16.4006
-71.42389 -16.39999
-71.42365 -16.3988
-71.42323 -16.39696
-71.42227 -16.39458
-71.42198 -16.39266
-71.42235 -16.39065
-71.42179 -16.38817
-71.42133 -16.38689
-71.42201 -16.38432
-71.42192 -16.38086
-71.42178 -16.37603
-71.42116 -16.37244
-71.42086 -16.37005
-71.42122 -16.36671
-71.42094 -16.3643
-71.42075 -16.36278
-71.42094 -16.36244
-71.42154 -16.36224
-71.42353 -16.36205
-71.42446 -16.36246
-71.42527 -16.36301
-71.42589 -16.36317
-71.42682 -16.36329
-71.42779 -16.36277
-71.4284 -16.36216
-71.42946 -16.36185
-71.4303 -16.3618
-71.43092 -16.36123
-71.43136 -16.36119
-71.43229 -16.36152
-71.43435 -16.36295
-71.43691 -16.36608
-71.43898 -16.3688
-71.44034 -16.37092
-71.44159 -16.37223
-71.44347 -16.37328
-71.44462 -16.37365
-71.44622 -16.37367
-71.4472 -16.37409
-71.44813 -16.37775
-71.44923 -16.38056
-71.45005 -16.38295
-71.4515 -16.38533
-71.45276 -16.38702
-71.45428 -16.3882
-71.45553 -16.3887
-71.45543 -16.38776
-71.45453 -16.38632
-71.45238 -16.38438
-71.45139 -16.38319
-71.45093 -16.38234
-71.45082 -16.38046
-71.44928 -16.37748
-71.44868 -16.37236
-71.44854 -16.36817
-71.4444 -16.36317
-71.44268 -16.35969
-71.43972 -16.35716
-71.43855 -16.35503
-71.43825 -16.35264
-71.43641 -16.35087
-71.43595 -16.34933
-71.43562 -16.3481
-71.43364 -16.34551
-71.43277 -16.34302
-71.43236 -16.34221
-71.43374 -16.34284
-71.43514 -16.34453
-71.43591 -16.34585
-71.43673 -16.34755
-71.43781 -16.34937
-71.43836 -16.35069
-71.43913 -16.3521
-71.43976 -16.35282
-71.44073 -16.35293
-71.44144 -16.35258
-71.44196 -16.35172
-71.44176 -16.3498
-71.44103 -16.34857
-71.44026 -16.34729
-71.43959 -16.34636
-71.43949 -16.34568
-71.43975 -16.34508
-71.44024 -16.34528
-71.44212 -16.34663
-71.44337 -16.3479
-71.44409 -16.3487
-71.44512 -16.34959
-71.44592 -16.35014
-71.4492 -16.35023
-71.45328 -16.35005
-71.45713 -16.34988
-71.46036 -16.34997
-71.46258 -16.35054
-71.46405 -16.35112
-71.46534 -16.35136
-71.46698 -16.35126
-71.46875 -16.35115
-71.46982 -16.35174
-71.47179 -16.35355
-71.47376 -16.3555
-71.47542 -16.35719
-71.47743 -16.35892
-71.47913 -16.36018
-71.48114 -16.36131
-71.48268 -16.36215
-71.48446 -16.36281
-71.48638 -16.3642
-71.48782 -16.36551
-71.48943 -16.36699
-71.49149 -16.36884
-71.4931 -16.36989
-71.494 -16.37091
-71.49511 -16.37166
-71.49644 -16.37173
-71.49665 -16.37101
-71.49615 -16.36998
-71.49486 -16.3688
-71.49396 -16.36796
-71.4928 -16.3675
-71.49169 -16.36734
-71.48972 -16.36519
-71.48689 -16.3624
-71.48452 -16.36067
-71.47719 -16.35499
-71.47155 -16.35052
-71.46725 -16.34647
-71.46421 -16.34436
-71.46205 -16.34148
-71.46051 -16.3391
-71.46066 -16.33705
-71.45781 -16.33537
-71.46079 -16.33277
-71.46228 -16.33181
-71.46173 -16.3299
-71.46229 -16.32899
-71.46361 -16.32812
-71.46381 -16.32654
-71.46481 -16.32541
-71.46688 -16.32406
-71.46632 -16.3202
-71.46576 -16.31794
-71.46559 -16.31643
-71.4636 -16.31538
-71.462 -16.31454
-71.46057 -16.31358
-71.45989 -16.31205
-71.46026 -16.31046
-71.46077 -16.3087
-71.46182 -16.30723
-71.46317 -16.30598
-71.46396 -16.30477
-71.46322 -16.3029
-71.46246 -16.3018
-71.46098 -16.30079
-71.45969 -16.29978
-71.45963 -16.29879
-71.46028 -16.2978
-71.46115 -16.29668
-71.46163 -16.29595
-71.4618 -16.295
-71.46298 -16.29401
-71.46373 -16.2934
-71.46548 -16.29188
-71.4688 -16.29176
-71.47229 -16.29163
-71.47561 -16.2945
-71.47874 -16.29741
-71.48205 -16.30003
-71.48416 -16.30265
-71.48653 -16.30425
-71.48961 -16.3061
-71.48999 -16.3081
-71.49045 -16.30972
-71.49127 -16.31108
-71.49278 -16.312
-71.49519 -16.31283
-71.49682 -16.31234
-71.49744 -16.30947
-71.49699 -16.30537
-71.49389 -16.30117
-71.49192 -16.29957
-71.4901 -16.29916
-71.48881 -16.29888
-71.48756 -16.29829
-71.48631 -16.2972
-71.48423 -16.29372
-71.48217 -16.2916
-71.48011 -16.28992
-71.47382 -16.28982
-71.46797 -16.28937
-71.46477 -16.28864
-71.46249 -16.28696
-71.46135 -16.28402
-71.45925 -16.27887
-71.45751 -16.27436
-71.45561 -16.27105
-71.45328 -16.26851
-71.45236 -16.26621
-71.45145 -16.26365
-71.4501 -16.26196
-71.44867 -16.26112
-71.44655 -16.26114
-71.44557 -16.26107
