30.705
5.00000e+01 2.00000e-01 nan nan nan 1.37252e+04 nan 1.37252e+04 3.68440e+02
6.66667e+01 2.00000e-01 nan nan nan 1.45628e+04 nan 1.45628e+04 3.76100e+02
8.33333e+01 2.00000e-01 nan nan nan 1.53351e+04 nan 1.53351e+04 3.83782e+02
1.00000e+02 2.00000e-01 nan nan nan 1.45699e+04 nan 1.45699e+04 3.88586e+02
1.16667e+02 2.00000e-01 nan nan nan 1.47856e+04 nan 1.47856e+04 3.97549e+02
1.33333e+02 2.00000e-01 nan nan nan 1.51665e+04 nan 1.51665e+04 4.04536e+02
1.50000e+02 2.00000e-01 nan nan nan 1.44020e+04 nan 1.44020e+04 4.11018e+02
1.66667e+02 2.00000e-01 nan nan nan 1.45190e+04 nan 1.45190e+04 4.18572e+02
1.83333e+02 2.00000e-01 nan nan nan 1.56782e+04 nan 1.56782e+04 4.26685e+02
2.00000e+02 2.00000e-01 nan nan nan 1.56103e+04 nan 1.56103e+04 4.34156e+02
5.00000e+01 2.88889e-01 nan nan nan 8.77137e+03 nan 8.77137e+03 1.40061e+02
6.66667e+01 2.88889e-01 nan nan nan 9.58899e+03 nan 9.58899e+03 1.44071e+02
8.33333e+01 2.88889e-01 nan nan nan 9.10790e+03 nan 9.10790e+03 1.46226e+02
1.00000e+02 2.88889e-01 nan nan nan 9.14205e+03 nan 9.14205e+03 1.49620e+02
1.16667e+02 2.88889e-01 nan nan nan 9.39445e+03 nan 9.39445e+03 1.53467e+02
1.33333e+02 2.88889e-01 nan nan nan 9.56265e+03 nan 9.56265e+03 1.56244e+02
1.50000e+02 2.88889e-01 nan nan nan 9.78049e+03 nan 9.78049e+03 1.59856e+02
1.66667e+02 2.88889e-01 nan nan nan 9.58829e+03 nan 9.58829e+03 1.63518e+02
1.83333e+02 2.88889e-01 nan nan nan 1.00222e+04 nan 1.00222e+04 1.67153e+02
2.00000e+02 2.88889e-01 nan nan nan 9.58363e+03 nan 9.58363e+03 1.69772e+02
5.00000e+01 3.77778e-01 nan nan nan 6.68922e+03 nan 6.68922e+03 5.37527e+01
6.66667e+01 3.77778e-01 nan nan nan 6.60448e+03 nan 6.60448e+03 6.18711e+01
8.33333e+01 3.77778e-01 nan nan nan 6.79066e+03 nan 6.79066e+03 6.51662e+01
1.00000e+02 3.77778e-01 nan nan nan 6.18934e+03 nan 6.18934e+03 6.81482e+01
1.16667e+02 3.77778e-01 nan nan nan 5.95325e+03 nan 5.95325e+03 7.13868e+01
1.33333e+02 3.77778e-01 nan nan nan 6.59810e+03 nan 6.59810e+03 7.39455e+01
1.50000e+02 3.77778e-01 nan nan nan 6.78349e+03 nan 6.78349e+03 7.63006e+01
1.66667e+02 3.77778e-01 nan nan nan 6.44812e+03 nan 6.44812e+03 7.81617e+01
1.83333e+02 3.77778e-01 nan nan nan 6.78349e+03 nan 6.78349e+03 8.00982e+01
2.00000e+02 3.77778e-01 nan nan nan 6.99214e+03 nan 6.99214e+03 8.22101e+01
5.00000e+01 4.66667e-01 nan nan nan 6.22208e+03 nan 6.22208e+03 3.66135e+01
6.66667e+01 4.66667e-01 nan nan nan 7.02326e+03 nan 7.02326e+03 3.39784e+01
8.33333e+01 4.66667e-01 nan nan nan 6.27180e+03 nan 6.27180e+03 3.49835e+01
1.00000e+02 4.66667e-01 nan nan nan 5.54764e+03 nan 5.54764e+03 3.14206e+01
1.16667e+02 4.66667e-01 nan nan nan 6.27003e+03 nan 6.27003e+03 3.36692e+01
1.33333e+02 4.66667e-01 nan nan nan 6.23524e+03 nan 6.23524e+03 3.27745e+01
1.50000e+02 4.66667e-01 nan nan nan 5.42902e+03 nan 5.42902e+03 3.47855e+01
1.66667e+02 4.66667e-01 nan nan nan 6.62071e+03 nan 6.62071e+03 4.22468e+01
1.83333e+02 4.66667e-01 nan nan nan 6.36972e+03 nan 6.36972e+03 3.86029e+01
2.00000e+02 4.66667e-01 nan nan nan 5.65083e+03 nan 5.65083e+03 3.94542e+01
5.00000e+01 5.55556e-01 nan nan nan 8.18534e+03 nan 8.18534e+03 2.85611e+01
6.66667e+01 5.55556e-01 nan nan nan 5.83524e+03 nan 5.83524e+03 1.45398e+01
8.33333e+01 5.55556e-01 nan nan nan 4.73839e+03 nan 4.73839e+03 1.41882e+01
1.00000e+02 5.55556e-01 nan nan nan 5.51641e+03 nan 5.51641e+03 1.89766e+01
1.16667e+02 5.55556e-01 nan nan nan 4.55550e+03 nan 4.55550e+03 1.63783e+01
1.33333e+02 5.55556e-01 nan nan nan 6.10147e+03 nan 6.10147e+03 2.93040e+01
1.50000e+02 5.55556e-01 nan nan nan 5.25391e+03 nan 5.25391e+03 2.19559e+01
1.66667e+02 5.55556e-01 nan nan nan 5.10844e+03 nan 5.10844e+03 2.03757e+01
1.83333e+02 5.55556e-01 nan nan nan 5.25391e+03 nan 5.25391e+03 2.15222e+01
2.00000e+02 5.55556e-01 nan nan nan 5.11961e+03 nan 5.11961e+03 2.33918e+01
5.00000e+01 6.44444e-01 nan nan nan 5.07685e+03 nan 5.07685e+03 1.50112e+01
6.66667e+01 6.44444e-01 nan nan nan 5.02399e+03 nan 5.02399e+03 1.32152e+01
8.33333e+01 6.44444e-01 nan nan nan 5.18524e+03 nan 5.18524e+03 1.24336e+01
1.00000e+02 6.44444e-01 nan nan nan 4.82247e+03 nan 4.82247e+03 1.10901e+01
1.16667e+02 6.44444e-01 nan nan nan 5.03587e+03 nan 5.03587e+03 1.07422e+01
1.33333e+02 6.44444e-01 nan nan nan 5.09405e+03 nan 5.09405e+03 1.22733e+01
1.50000e+02 6.44444e-01 nan nan nan 5.00407e+03 nan 5.00407e+03 1.35621e+01
1.66667e+02 6.44444e-01 nan nan nan 5.31037e+03 nan 5.31037e+03 1.32397e+01
1.83333e+02 6.44444e-01 nan nan nan 6.01191e+03 nan 6.01191e+03 1.83874e+01
2.00000e+02 6.44444e-01 nan nan nan 4.87511e+03 nan 4.87511e+03 1.21300e+01
5.00000e+01 7.33333e-01 nan nan nan 5.04659e+03 nan 5.04659e+03 6.43554e+00
6.66667e+01 7.33333e-01 nan nan nan 5.01633e+03 nan 5.01633e+03 7.22466e+00
8.33333e+01 7.33333e-01 nan nan nan 4.89126e+03 nan 4.89126e+03 6.97010e+00
1.00000e+02 7.33333e-01 nan nan nan 4.31591e+03 nan 4.31591e+03 4.71399e+00
1.16667e+02 7.33333e-01 nan nan nan 4.49874e+03 nan 4.49874e+03 7.89405e+00
1.33333e+02 7.33333e-01 nan nan nan 4.91158e+03 nan 4.91158e+03 1.05980e+01
1.50000e+02 7.33333e-01 nan nan nan 4.55792e+03 nan 4.55792e+03 9.36104e+00
1.66667e+02 7.33333e-01 nan nan nan 4.39379e+03 nan 4.39379e+03 8.77933e+00
1.83333e+02 7.33333e-01 nan nan nan 5.31037e+03 nan 5.31037e+03 9.63068e+00
2.00000e+02 7.33333e-01 nan nan nan 4.34617e+03 nan 4.34617e+03 8.76330e+00
5.00000e+01 8.22222e-01 nan nan nan 9.55123e+01 nan 9.55123e+01 2.35699e-02
6.66667e+01 8.22222e-01 nan nan nan 4.13882e+03 nan 4.13882e+03 4.29067e+00
8.33333e+01 8.22222e-01 nan nan nan 3.84868e+03 nan 3.84868e+03 5.00154e+00
1.00000e+02 8.22222e-01 nan nan nan 4.42362e+03 nan 4.42362e+03 2.88308e+00
1.16667e+02 8.22222e-01 nan nan nan 4.36956e+03 nan 4.36956e+03 4.91009e+00
1.33333e+02 8.22222e-01 nan nan nan 4.18718e+03 nan 4.18718e+03 7.31234e+00
1.50000e+02 8.22222e-01 nan nan nan 4.11702e+03 nan 4.11702e+03 8.45030e+00
1.66667e+02 8.22222e-01 nan nan nan 4.36304e+03 nan 4.36304e+03 6.60713e+00
1.83333e+02 8.22222e-01 nan nan nan 3.80814e+03 nan 3.80814e+03 5.39940e+00
2.00000e+02 8.22222e-01 nan nan nan 3.80698e+03 nan 3.80698e+03 5.86232e+00
5.00000e+01 9.11111e-01 nan nan nan 8.61375e+01 nan 8.61375e+01 1.69704e-02
6.66667e+01 9.11111e-01 nan nan nan 1.04977e+02 nan 1.04977e+02 3.01695e-02
8.33333e+01 9.11111e-01 nan nan nan 3.43329e+03 nan 3.43329e+03 2.36831e+00
1.00000e+02 9.11111e-01 nan nan nan 3.45054e+03 nan 3.45054e+03 3.11312e+00
1.16667e+02 9.11111e-01 nan nan nan 3.14398e+03 nan 3.14398e+03 1.68572e+00
1.33333e+02 9.11111e-01 nan nan nan 3.44851e+03 nan 3.44851e+03 3.78439e+00
1.50000e+02 9.11111e-01 nan nan nan 3.35565e+03 nan 3.35565e+03 3.37899e+00
1.66667e+02 9.11111e-01 nan nan nan 4.15452e+03 nan 4.15452e+03 8.15143e+00
1.83333e+02 9.11111e-01 nan nan nan 3.59066e+03 nan 3.59066e+03 6.56187e+00
2.00000e+02 9.11111e-01 nan nan nan 3.74545e+03 nan 3.74545e+03 5.64830e+00
5.00000e+01 1.00000e+00 nan nan nan 7.03576e+01 nan 7.03576e+01 1.50848e-02
6.66667e+01 1.00000e+00 nan nan nan 9.55123e+01 nan 9.55123e+01 2.63983e-02
8.33333e+01 1.00000e+00 nan nan nan 1.23625e+02 nan 1.23625e+02 4.14831e-02
1.00000e+02 1.00000e+00 nan nan nan 1.66315e+02 nan 1.66315e+02 6.03391e-02
1.16667e+02 1.00000e+00 nan nan nan 2.48813e+03 nan 2.48813e+03 1.30012e+00
1.33333e+02 1.00000e+00 nan nan nan 3.11887e+03 nan 3.11887e+03 1.79226e+00
1.50000e+02 1.00000e+00 nan nan nan 4.14326e+03 nan 4.14326e+03 2.47484e+00
1.66667e+02 1.00000e+00 nan nan nan 3.05081e+03 nan 3.05081e+03 2.60306e+00
1.83333e+02 1.00000e+00 nan nan nan 3.03313e+03 nan 3.03313e+03 2.21652e+00
2.00000e+02 1.00000e+00 nan nan nan 3.10816e+03 nan 3.10816e+03 2.84442e+00
