26.408
0.00000e+00 2.00000e-01 2.06996e-04 2.62647e+03 6.97169e+03 2.07847e+01 2.06996e-04 2.07847e+01 2.78952e-03
5.26316e+01 2.00000e-01 1.17626e-01 2.09304e+03 6.28755e+03 1.34087e+03 1.17626e-01 1.34087e+03 1.58515e+00
1.05263e+02 2.00000e-01 1.79362e-01 1.93547e+03 5.94043e+03 1.57563e+03 1.79362e-01 1.57563e+03 2.41712e+00
1.57895e+02 2.00000e-01 2.61644e-01 1.74562e+03 5.55101e+03 1.67741e+03 2.61644e-01 1.67741e+03 3.52596e+00
2.10526e+02 2.00000e-01 3.08878e-01 6.83918e+02 2.40839e+03 6.84851e+03 3.08878e-01 6.84851e+03 1.67197e+01
2.63158e+02 2.00000e-01 2.61139e-01 1.10679e+03 3.61447e+03 7.33697e+03 2.61139e-01 7.33697e+03 3.45706e+01
3.15789e+02 2.00000e-01 3.25204e-01 8.63020e+02 2.69445e+03 7.00133e+03 3.25204e-01 7.00133e+03 3.03703e+01
3.68421e+02 2.00000e-01 2.54323e-01 1.13586e+03 3.73120e+03 8.21739e+03 2.54323e-01 8.21739e+03 4.14663e+01
4.21053e+02 2.00000e-01 2.73003e-01 1.20413e+03 3.51735e+03 6.42672e+03 2.73003e-01 6.42672e+03 3.85373e+01
4.73684e+02 2.00000e-01 2.36068e-01 1.35835e+03 3.98872e+03 6.79919e+03 2.36068e-01 6.79919e+03 4.73766e+01
5.26316e+02 2.00000e-01 1.78325e-01 1.73855e+03 4.94171e+03 7.55702e+03 1.78325e-01 7.55702e+03 6.47512e+01
5.78947e+02 2.00000e-01 1.86358e-01 1.63988e+03 4.43771e+03 7.37445e+03 1.86358e-01 7.37445e+03 7.05910e+01
6.31579e+02 2.00000e-01 1.60163e-01 1.88704e+03 4.61416e+03 9.08671e+03 1.60163e-01 9.08671e+03 8.34535e+01
6.84211e+02 2.00000e-01 1.45421e-01 2.21399e+03 4.91966e+03 8.01517e+03 1.45421e-01 8.01517e+03 9.24944e+01
7.36842e+02 2.00000e-01 1.35641e-01 2.70161e+03 5.48759e+03 7.79182e+03 1.35641e-01 7.79182e+03 9.93517e+01
7.89474e+02 2.00000e-01 1.26349e-01 2.80025e+03 5.65408e+03 7.94607e+03 1.26349e-01 7.94607e+03 1.06659e+02
8.42105e+02 2.00000e-01 1.17798e-01 2.92973e+03 6.07052e+03 8.27618e+03 1.17798e-01 8.27618e+03 1.14401e+02
8.94737e+02 2.00000e-01 1.10302e-01 3.09064e+03 6.00217e+03 8.63842e+03 1.10302e-01 8.63842e+03 1.22175e+02
9.47368e+02 2.00000e-01 1.03438e-01 3.18543e+03 6.29304e+03 9.27219e+03 1.03438e-01 9.27219e+03 1.30283e+02
1.00000e+03 2.00000e-01 9.75831e-02 3.32119e+03 6.57557e+03 9.51694e+03 9.75831e-02 9.51694e+03 1.38100e+02
0.00000e+00 2.31579e-01 2.06996e-04 2.62647e+03 6.97169e+03 2.07847e+01 2.06996e-04 2.07847e+01 2.78952e-03
5.26316e+01 2.31579e-01 9.89961e-02 2.20621e+03 6.52465e+03 1.27235e+03 9.89961e-02 1.27235e+03 1.33409e+00
1.05263e+02 2.31579e-01 1.47226e-01 2.03875e+03 6.15758e+03 1.43331e+03 1.47226e-01 1.43331e+03 1.98405e+00
1.57895e+02 2.31579e-01 2.05755e-01 1.90003e+03 5.84800e+03 1.58793e+03 2.05755e-01 1.58793e+03 2.77279e+00
2.10526e+02 2.31579e-01 2.74115e-01 1.71732e+03 5.49566e+03 1.71214e+03 2.74115e-01 1.71214e+03 3.69403e+00
2.63158e+02 2.31579e-01 4.30858e-01 5.63677e+02 1.86922e+03 6.09982e+03 4.30858e-01 6.09982e+03 1.24580e+01
3.15789e+02 2.31579e-01 4.22085e-01 6.95144e+02 2.09582e+03 6.60285e+03 4.22085e-01 6.60285e+03 2.09926e+01
3.68421e+02 2.31579e-01 3.79046e-01 7.89092e+02 2.39684e+03 6.42672e+03 3.79046e-01 6.42672e+03 2.52696e+01
4.21053e+02 2.31579e-01 3.25437e-01 9.51489e+02 3.07797e+03 7.47559e+03 3.25437e-01 7.47559e+03 3.18236e+01
4.73684e+02 2.31579e-01 3.11957e-01 1.10954e+03 3.28310e+03 5.44693e+03 3.11957e-01 5.44693e+03 3.17078e+01
5.26316e+02 2.31579e-01 2.73323e-01 1.19942e+03 3.23198e+03 5.93594e+03 2.73323e-01 5.93594e+03 3.92661e+01
5.78947e+02 2.31579e-01 2.35375e-01 1.27342e+03 3.41620e+03 6.06207e+03 2.35375e-01 6.06207e+03 4.75949e+01
6.31579e+02 2.31579e-01 2.08862e-01 1.45427e+03 3.91594e+03 6.12984e+03 2.08862e-01 6.12984e+03 5.71678e+01
6.84211e+02 2.31579e-01 2.00662e-01 1.58459e+03 4.40719e+03 6.65093e+03 2.00662e-01 6.65093e+03 6.59402e+01
7.36842e+02 2.31579e-01 1.72588e-01 2.00937e+03 4.28094e+03 7.41193e+03 1.72588e-01 7.41193e+03 7.75572e+01
7.89474e+02 2.31579e-01 1.60497e-01 2.00166e+03 4.40581e+03 7.55160e+03 1.60497e-01 7.55160e+03 8.38950e+01
8.42105e+02 2.31579e-01 1.49255e-01 2.45739e+03 4.64514e+03 7.15739e+03 1.49255e-01 7.15739e+03 9.01289e+01
8.94737e+02 2.31579e-01 1.39271e-01 2.63433e+03 4.90397e+03 7.41193e+03 1.39271e-01 7.41193e+03 9.67568e+01
9.47368e+02 2.31579e-01 1.30116e-01 2.73280e+03 5.27038e+03 7.67064e+03 1.30116e-01 7.67064e+03 1.03571e+02
1.00000e+03 2.31579e-01 1.22594e-01 2.87258e+03 5.64875e+03 7.92701e+03 1.22594e-01 7.92701e+03 1.09925e+02
0.00000e+00 2.63158e-01 2.06996e-04 2.62647e+03 6.97169e+03 2.07847e+01 2.06996e-04 2.07847e+01 2.78952e-03
5.26316e+01 2.63158e-01 7.16208e-02 2.33725e+03 6.86025e+03 1.14459e+03 7.16208e-02 1.14459e+03 9.65176e-01
1.05263e+02 2.63158e-01 1.13279e-01 2.26506e+03 6.76163e+03 1.20285e+03 1.13279e-01 1.20285e+03 1.52657e+00
1.57895e+02 2.63158e-01 1.79725e-01 1.95668e+03 5.97870e+03 1.51169e+03 1.79725e-01 1.51169e+03 2.42201e+00
2.10526e+02 2.63158e-01 2.44359e-01 1.77349e+03 5.58730e+03 1.61613e+03 2.44359e-01 1.61613e+03 3.29303e+00
2.63158e+02 2.63158e-01 3.43833e-01 1.64385e+03 5.28353e+03 4.92012e+03 3.43833e-01 4.92012e+03 1.26163e+01
3.15789e+02 2.63158e-01 3.98320e-01 7.23484e+02 2.06439e+03 5.50210e+03 3.98320e-01 5.50210e+03 1.73955e+01
3.68421e+02 2.63158e-01 4.67834e-01 6.05772e+02 1.88226e+03 6.76438e+03 4.67834e-01 6.76438e+03 1.91431e+01
4.21053e+02 2.63158e-01 3.73614e-01 8.18461e+02 2.72091e+03 5.34858e+03 3.73614e-01 5.34858e+03 2.41935e+01
4.73684e+02 2.63158e-01 3.98152e-01 7.43809e+02 2.04523e+03 5.56012e+03 3.98152e-01 5.56012e+03 2.40952e+01
5.26316e+02 2.63158e-01 3.45578e-01 1.00756e+03 3.02625e+03 5.22819e+03 3.45578e-01 5.22819e+03 2.71651e+01
5.78947e+02 2.63158e-01 3.09855e-01 1.01016e+03 2.59923e+03 5.48783e+03 3.09855e-01 5.48783e+03 3.29792e+01
6.31579e+02 2.63158e-01 2.70615e-01 1.14639e+03 3.02161e+03 5.59864e+03 2.70615e-01 5.59864e+03 3.98344e+01
6.84211e+02 2.63158e-01 2.37889e-01 1.31114e+03 3.59091e+03 5.70529e+03 2.37889e-01 5.70529e+03 4.73954e+01
7.36842e+02 2.63158e-01 2.32277e-01 1.34933e+03 3.44239e+03 6.06207e+03 2.32277e-01 6.06207e+03 5.53058e+01
7.89474e+02 2.63158e-01 2.09424e-01 1.50160e+03 3.66213e+03 7.56548e+03 2.09424e-01 7.56548e+03 6.36158e+01
8.42105e+02 2.63158e-01 1.82741e-01 1.91171e+03 3.82162e+03 6.70398e+03 1.82741e-01 6.70398e+03 7.28917e+01
8.94737e+02 2.63158e-01 1.71553e-01 2.01109e+03 4.07689e+03 6.74203e+03 1.71553e-01 6.74203e+03 7.82636e+01
9.47368e+02 2.63158e-01 1.61690e-01 2.29643e+03 4.33370e+03 6.84851e+03 1.61690e-01 6.84851e+03 8.28398e+01
1.00000e+03 2.63158e-01 1.49484e-01 2.43243e+03 4.46224e+03 7.02726e+03 1.49484e-01 7.02726e+03 8.98618e+01
0.00000e+00 2.94737e-01 2.06996e-04 2.62647e+03 6.97169e+03 2.07847e+01 2.06996e-04 2.07847e+01 2.78952e-03
5.26316e+01 2.94737e-01 7.03271e-02 2.34775e+03 6.87286e+03 1.17592e+03 7.03271e-02 1.17592e+03 9.47741e-01
1.05263e+02 2.94737e-01 9.93066e-02 2.28328e+03 6.78485e+03 1.21321e+03 9.93066e-02 1.21321e+03 1.33827e+00
1.57895e+02 2.94737e-01 1.47692e-01 2.08007e+03 6.26251e+03 1.37284e+03 1.47692e-01 1.37284e+03 1.99033e+00
2.10526e+02 2.94737e-01 2.15639e-01 1.80158e+03 5.61338e+03 1.56085e+03 2.15639e-01 1.56085e+03 2.90599e+00
2.63158e+02 2.94737e-01 2.73287e-01 1.73694e+03 5.55606e+03 1.54056e+03 2.73287e-01 1.54056e+03 3.68287e+00
3.15789e+02 2.94737e-01 4.57641e-01 5.92149e+02 2.43824e+03 5.33750e+03 4.57641e-01 5.33750e+03 8.55408e+00
3.68421e+02 2.94737e-01 4.47389e-01 6.11135e+02 1.88664e+03 5.46197e+03 4.47389e-01 5.46197e+03 1.44009e+01
4.21053e+02 2.94737e-01 5.01977e-01 6.61127e+02 2.05501e+03 5.09374e+03 5.01977e-01 5.09374e+03 1.62002e+01
4.73684e+02 2.94737e-01 4.01316e-01 7.07119e+02 2.33525e+03 5.69277e+03 4.01316e-01 5.69277e+03 2.27681e+01
5.26316e+02 2.94737e-01 4.43800e-01 6.92418e+02 1.84164e+03 5.30292e+03 4.43800e-01 5.30292e+03 2.07345e+01
5.78947e+02 2.94737e-01 3.82646e-01 8.98233e+02 2.39462e+03 4.86633e+03 3.82646e-01 4.86633e+03 2.37277e+01
6.31579e+02 2.94737e-01 3.43419e-01 9.46474e+02 2.46664e+03 4.86633e+03 3.43419e-01 4.86633e+03 2.83562e+01
6.84211e+02 2.94737e-01 3.02096e-01 1.02609e+03 2.37997e+03 5.10497e+03 3.02096e-01 5.10497e+03 3.41396e+01
7.36842e+02 2.94737e-01 2.75430e-01 1.15259e+03 2.62153e+03 5.30292e+03 2.75430e-01 5.30292e+03 3.94529e+01
7.89474e+02 2.94737e-01 2.55042e-01 1.23809e+03 2.84162e+03 5.51372e+03 2.55042e-01 5.51372e+03 4.74924e+01
8.42105e+02 2.94737e-01 2.36555e-01 1.30218e+03 3.07060e+03 7.53926e+03 2.36555e-01 7.53926e+03 5.59879e+01
8.94737e+02 2.94737e-01 2.10034e-01 1.61993e+03 3.36217e+03 5.94845e+03 2.10034e-01 5.94845e+03 6.20084e+01
9.47368e+02 2.94737e-01 2.00836e-01 1.70490e+03 3.62263e+03 6.07450e+03 2.00836e-01 6.07450e+03 6.56703e+01
1.00000e+03 2.94737e-01 1.81519e-01 1.96973e+03 3.87108e+03 6.30699e+03 1.81519e-01 6.30699e+03 7.33471e+01
0.00000e+00 3.26316e-01 2.06996e-04 2.62647e+03 6.97169e+03 2.07847e+01 2.06996e-04 2.07847e+01 2.78952e-03
5.26316e+01 3.26316e-01 6.03395e-02 2.36675e+03 6.88455e+03 1.15642e+03 6.03395e-02 1.15642e+03 8.13147e-01
1.05263e+02 3.26316e-01 7.68474e-02 2.31364e+03 6.79705e+03 1.12732e+03 7.68474e-02 1.12732e+03 1.03561e+00
1.57895e+02 3.26316e-01 1.14573e-01 2.24205e+03 6.68562e+03 1.17097e+03 1.14573e-01 1.17097e+03 1.54400e+00
2.10526e+02 3.26316e-01 1.77551e-01 1.99531e+03 6.05974e+03 1.38139e+03 1.77551e-01 1.38139e+03 2.39272e+00
2.63158e+02 3.26316e-01 2.42703e-01 1.77398e+03 5.59816e+03 1.54521e+03 2.42703e-01 1.54521e+03 3.27072e+00
3.15789e+02 3.26316e-01 3.84326e-01 1.57563e+03 5.12762e+03 3.60203e+03 3.84326e-01 3.60203e+03 6.01143e+00
3.68421e+02 3.26316e-01 4.60990e-01 6.43568e+02 2.41656e+03 4.86633e+03 4.60990e-01 4.86633e+03 7.79672e+00
4.21053e+02 3.26316e-01 5.53411e-01 6.29302e+02 2.22420e+03 5.17912e+03 5.53411e-01 5.17912e+03 1.11672e+01
4.73684e+02 3.26316e-01 5.31013e-01 6.33636e+02 1.97582e+03 5.26542e+03 5.31013e-01 5.26542e+03 1.49951e+01
5.26316e+02 3.26316e-01 4.59801e-01 6.31462e+02 2.07408e+03 4.93597e+03 4.59801e-01 4.93597e+03 1.84332e+01
5.78947e+02 3.26316e-01 4.69520e-01 7.11659e+02 2.27094e+03 4.75210e+03 4.69520e-01 4.75210e+03 1.88014e+01
6.31579e+02 3.26316e-01 4.28313e-01 7.58814e+02 2.09610e+03 5.19351e+03 4.28313e-01 5.19351e+03 2.22890e+01
6.84211e+02 3.26316e-01 3.74422e-01 8.81244e+02 2.29094e+03 4.70344e+03 3.74422e-01 4.70344e+03 2.53170e+01
7.36842e+02 3.26316e-01 3.37583e-01 9.68998e+02 2.42562e+03 4.71554e+03 3.37583e-01 4.71554e+03 2.94692e+01
7.89474e+02 3.26316e-01 3.01450e-01 1.04153e+03 2.26647e+03 4.87016e+03 3.01450e-01 4.87016e+03 3.44799e+01
8.42105e+02 3.26316e-01 2.87181e-01 1.12096e+03 2.42704e+03 5.31437e+03 2.87181e-01 5.31437e+03 4.01148e+01
8.94737e+02 3.26316e-01 2.61257e-01 1.21907e+03 2.64776e+03 5.64660e+03 2.61257e-01 5.64660e+03 4.75858e+01
9.47368e+02 3.26316e-01 2.44340e-01 1.30856e+03 2.84125e+03 5.89818e+03 2.44340e-01 5.89818e+03 5.27527e+01
1.00000e+03 3.26316e-01 2.25367e-01 1.49465e+03 3.15146e+03 5.69277e+03 2.25367e-01 5.69277e+03 5.73471e+01
0.00000e+00 3.57895e-01 2.06996e-04 2.62647e+03 6.97169e+03 2.07847e+01 2.06996e-04 2.07847e+01 2.78952e-03
5.26316e+01 3.57895e-01 5.37156e-02 2.37854e+03 6.89753e+03 1.10417e+03 5.37156e-02 1.10417e+03 7.23882e-01
1.05263e+02 3.57895e-01 7.66922e-02 2.32312e+03 6.81127e+03 1.17097e+03 7.66922e-02 1.17097e+03 1.03352e+00
1.57895e+02 3.57895e-01 9.85303e-02 2.26354e+03 6.71102e+03 1.15125e+03 9.85303e-02 1.15125e+03 1.32781e+00
2.10526e+02 3.57895e-01 1.53384e-01 2.03085e+03 6.12382e+03 1.34157e+03 1.53384e-01 1.34157e+03 2.06704e+00
2.63158e+02 3.57895e-01 2.17036e-01 1.79047e+03 5.61913e+03 1.47297e+03 2.17036e-01 1.47297e+03 2.92482e+00
3.15789e+02 3.57895e-01 3.21983e-01 1.73585e+03 5.58881e+03 1.46503e+03 3.21983e-01 1.46503e+03 4.33911e+00
3.68421e+02 3.57895e-01 3.90459e-01 1.51950e+03 4.95735e+03 3.69219e+03 3.90459e-01 3.69219e+03 6.11813e+00
4.21053e+02 3.57895e-01 4.38346e-01 7.37439e+02 2.39972e+03 4.74111e+03 4.38346e-01 4.74111e+03 1.19447e+01
4.73684e+02 3.57895e-01 5.82958e-01 6.58151e+02 2.44175e+03 4.61243e+03 5.82958e-01 4.61243e+03 9.79123e+00
5.26316e+02 3.57895e-01 5.74309e-01 7.45498e+02 2.59078e+03 4.46358e+03 5.74309e-01 4.46358e+03 1.30961e+01
5.78947e+02 3.57895e-01 4.54502e-01 6.90829e+02 2.33000e+03 4.66577e+03 4.54502e-01 4.66577e+03 1.84046e+01
6.31579e+02 3.57895e-01 4.91335e-01 6.42869e+02 2.16657e+03 4.82863e+03 4.91335e-01 4.82863e+03 1.76695e+01
6.84211e+02 3.57895e-01 4.66982e-01 7.59113e+02 2.44120e+03 4.55278e+03 4.66982e-01 4.55278e+03 1.93523e+01
7.36842e+02 3.57895e-01 4.14155e-01 8.52580e+02 2.47181e+03 4.52901e+03 4.14155e-01 4.52901e+03 2.25449e+01
7.89474e+02 3.57895e-01 3.66194e-01 9.22759e+02 2.34600e+03 4.65378e+03 3.66194e-01 4.65378e+03 2.65835e+01
8.42105e+02 3.57895e-01 3.31541e-01 9.88740e+02 2.37595e+03 4.65378e+03 3.31541e-01 4.65378e+03 3.05669e+01
8.94737e+02 3.57895e-01 2.98214e-01 1.09999e+03 2.58813e+03 4.82863e+03 2.98214e-01 4.82863e+03 3.58391e+01
9.47368e+02 3.57895e-01 2.91804e-01 1.10722e+03 2.40702e+03 5.91068e+03 2.91804e-01 5.91068e+03 4.29468e+01
1.00000e+03 3.57895e-01 2.66883e-01 1.19191e+03 2.47389e+03 6.06207e+03 2.66883e-01 6.06207e+03 4.74624e+01
0.00000e+00 3.89474e-01 2.06996e-04 2.62647e+03 6.97169e+03 2.07847e+01 2.06996e-04 2.07847e+01 2.78952e-03
5.26316e+01 3.89474e-01 3.95881e-02 2.41395e+03 6.89747e+03 1.07618e+03 3.95881e-02 1.07618e+03 5.33497e-01
1.05263e+02 3.89474e-01 6.75844e-02 2.33453e+03 6.81089e+03 1.14593e+03 6.75844e-02 1.14593e+03 9.10780e-01
1.57895e+02 3.89474e-01 8.36266e-02 2.28326e+03 6.72383e+03 1.11252e+03 8.36266e-02 1.11252e+03 1.12697e+00
2.10526e+02 3.89474e-01 1.16332e-01 2.22194e+03 6.62416e+03 1.14043e+03 1.16332e-01 1.14043e+03 1.56771e+00
2.63158e+02 3.89474e-01 1.88522e-01 1.84302e+03 5.70382e+03 1.40492e+03 1.88522e-01 1.40492e+03 2.54056e+00
3.15789e+02 3.89474e-01 2.59988e-01 1.78145e+03 5.63968e+03 1.39616e+03 2.59988e-01 1.39616e+03 3.50364e+00
3.68421e+02 3.89474e-01 3.72513e-01 1.53274e+03 5.09033e+03 1.97569e+03 3.72513e-01 1.97569e+03 5.04207e+00
4.21053e+02 3.89474e-01 4.15551e-01 1.50589e+03 5.10384e+03 2.01265e+03 4.15551e-01 2.01265e+03 5.69482e+00
4.73684e+02 3.89474e-01 4.75587e-01 1.51792e+03 5.14338e+03 4.34487e+03 4.75587e-01 4.34487e+03 1.01497e+01
5.26316e+02 3.89474e-01 5.97731e-01 1.31041e+03 4.69885e+03 3.34555e+03 5.97731e-01 3.34555e+03 8.72145e+00
5.78947e+02 3.89474e-01 5.17709e-01 6.24518e+02 2.25118e+03 4.74111e+03 5.17709e-01 4.74111e+03 1.48535e+01
6.31579e+02 3.89474e-01 4.82408e-01 6.65067e+02 2.34525e+03 4.65378e+03 4.82408e-01 4.65378e+03 1.71409e+01
6.84211e+02 3.89474e-01 4.97673e-01 6.54773e+02 2.32781e+03 4.66577e+03 4.97673e-01 4.66577e+03 1.72630e+01
7.36842e+02 3.89474e-01 4.84641e-01 6.27916e+02 2.11266e+03 4.89844e+03 4.84641e-01 4.89844e+03 1.86117e+01
7.89474e+02 3.89474e-01 4.44890e-01 8.67760e+02 2.65675e+03 4.33737e+03 4.44890e-01 4.33737e+03 2.09256e+01
8.42105e+02 3.89474e-01 4.00021e-01 8.97315e+02 2.63055e+03 4.36290e+03 4.00021e-01 4.36290e+03 2.40087e+01
8.94737e+02 3.89474e-01 3.61812e-01 9.42976e+02 2.59128e+03 4.40059e+03 3.61812e-01 4.40059e+03 2.74636e+01
9.47368e+02 3.89474e-01 3.36910e-01 1.03280e+03 2.66614e+03 4.36137e+03 3.36910e-01 4.36137e+03 3.06680e+01
1.00000e+03 3.89474e-01 3.15620e-01 1.06157e+03 2.21029e+03 4.86020e+03 3.15620e-01 4.86020e+03 3.52993e+01
0.00000e+00 4.21053e-01 2.06996e-04 2.62647e+03 6.97169e+03 2.07847e+01 2.06996e-04 2.07847e+01 2.78952e-03
5.26316e+01 4.21053e-01 3.62244e-02 2.41387e+03 6.89682e+03 1.06925e+03 3.62244e-02 1.06925e+03 4.88167e-01
1.05263e+02 4.21053e-01 5.83213e-02 2.35180e+03 6.82300e+03 1.08334e+03 5.83213e-02 1.08334e+03 7.85949e-01
1.57895e+02 4.21053e-01 8.10909e-02 2.30003e+03 6.74946e+03 1.16027e+03 8.10909e-02 1.16027e+03 1.09280e+00
2.10526e+02 4.21053e-01 1.02308e-01 2.24340e+03 6.66005e+03 1.12462e+03 1.02308e-01 1.12462e+03 1.37872e+00
2.63158e+02 4.21053e-01 1.50642e-01 2.08479e+03 6.25982e+03 1.30350e+03 1.50642e-01 1.30350e+03 2.03008e+00
3.15789e+02 4.21053e-01 2.18795e-01 1.83073e+03 5.72328e+03 1.32519e+03 2.18795e-01 1.32519e+03 2.94853e+00
3.68421e+02 4.21053e-01 3.42890e-01 1.73975e+03 5.62575e+03 1.43038e+03 3.42890e-01 1.43038e+03 4.62085e+00
4.21053e+02 4.21053e-01 3.79321e-01 1.68034e+03 5.50654e+03 1.58687e+03 3.79321e-01 1.58687e+03 5.11180e+00
4.73684e+02 4.21053e-01 4.22861e-01 1.51920e+03 5.14192e+03 1.95372e+03 4.22861e-01 1.95372e+03 5.76107e+00
5.26316e+02 4.21053e-01 5.25423e-01 1.49965e+03 5.16678e+03 4.00572e+03 5.25423e-01 4.00572e+03 8.91044e+00
5.78947e+02 4.21053e-01 6.04517e-01 1.39220e+03 4.93142e+03 2.94670e+03 6.04517e-01 2.94670e+03 8.66915e+00
6.31579e+02 4.21053e-01 5.10447e-01 1.38010e+03 4.83983e+03 4.46318e+03 5.10447e-01 4.46318e+03 1.36973e+01
6.84211e+02 4.21053e-01 5.02567e-01 6.56804e+02 2.34208e+03 4.65378e+03 5.02567e-01 4.65378e+03 1.59163e+01
7.36842e+02 4.21053e-01 4.99604e-01 6.88999e+02 2.54148e+03 4.45180e+03 4.99604e-01 4.45180e+03 1.68906e+01
7.89474e+02 4.21053e-01 5.09105e-01 7.26381e+02 2.50298e+03 4.54849e+03 5.09105e-01 4.54849e+03 1.75008e+01
8.42105e+02 4.21053e-01 4.88094e-01 7.64132e+02 2.76900e+03 4.22428e+03 4.88094e-01 4.22428e+03 1.87735e+01
8.94737e+02 4.21053e-01 4.31979e-01 9.43322e+02 2.96187e+03 4.31760e+03 4.31979e-01 4.31760e+03 2.20233e+01
9.47368e+02 4.21053e-01 3.96875e-01 9.55812e+02 2.95796e+03 4.09210e+03 3.96875e-01 4.09210e+03 2.46824e+01
1.00000e+03 4.21053e-01 3.63758e-01 9.75883e+02 2.76780e+03 4.28997e+03 3.63758e-01 4.28997e+03 2.78074e+01
0.00000e+00 4.52632e-01 2.06996e-04 2.62647e+03 6.97169e+03 2.07847e+01 2.06996e-04 2.07847e+01 2.78952e-03
5.26316e+01 4.52632e-01 3.21880e-02 2.41866e+03 6.89747e+03 1.03210e+03 3.21880e-02 1.03210e+03 4.33771e-01
1.05263e+02 4.52632e-01 5.08694e-02 2.36721e+03 6.83514e+03 1.07618e+03 5.08694e-02 1.07618e+03 6.85526e-01
1.57895e+02 4.52632e-01 7.04306e-02 2.31881e+03 6.76079e+03 1.12732e+03 7.04306e-02 1.12732e+03 9.49136e-01
2.10526e+02 4.52632e-01 8.90085e-02 2.26141e+03 6.67247e+03 1.10420e+03 8.90085e-02 1.10420e+03 1.19950e+00
2.63158e+02 4.52632e-01 1.24301e-01 2.19550e+03 6.55789e+03 1.20533e+03 1.24301e-01 1.20533e+03 1.67511e+00
3.15789e+02 4.52632e-01 1.82416e-01 1.89171e+03 5.82741e+03 1.23120e+03 1.82416e-01 1.23120e+03 2.45827e+00
3.68421e+02 4.52632e-01 2.72200e-01 1.78002e+03 5.66244e+03 1.32822e+03 2.72200e-01 1.32822e+03 3.66823e+00
4.21053e+02 4.52632e-01 3.52412e-01 1.73073e+03 5.61435e+03 1.43606e+03 3.52412e-01 1.43606e+03 4.74917e+00
4.73684e+02 4.52632e-01 3.84526e-01 1.64997e+03 5.38299e+03 3.41653e+03 3.84526e-01 3.41653e+03 5.60485e+00
5.26316e+02 4.52632e-01 4.32434e-01 1.51207e+03 5.12868e+03 1.93985e+03 4.32434e-01 1.93985e+03 5.88450e+00
5.78947e+02 4.52632e-01 5.03126e-01 1.50633e+03 5.19494e+03 3.15651e+03 5.03126e-01 3.15651e+03 6.98148e+00
6.31579e+02 4.52632e-01 5.90700e-01 1.40766e+03 4.97201e+03 3.12104e+03 5.90700e-01 3.12104e+03 8.44738e+00
6.84211e+02 4.52632e-01 5.43613e-01 7.63138e+02 2.86849e+03 4.12490e+03 5.43613e-01 4.12490e+03 1.28848e+01
7.36842e+02 4.52632e-01 5.17084e-01 6.95328e+02 2.66585e+03 4.32522e+03 5.17084e-01 4.32522e+03 1.49804e+01
7.89474e+02 4.52632e-01 5.23075e-01 7.13468e+02 2.63378e+03 4.44986e+03 5.23075e-01 4.44986e+03 1.59840e+01
8.42105e+02 4.52632e-01 5.35314e-01 7.47552e+02 2.64002e+03 4.43285e+03 5.35314e-01 4.43285e+03 1.63578e+01
8.94737e+02 4.52632e-01 5.16113e-01 7.55827e+02 2.83424e+03 4.16254e+03 5.16113e-01 4.16254e+03 1.75294e+01
9.47368e+02 4.52632e-01 4.55645e-01 8.13036e+02 2.63184e+03 4.36290e+03 4.55645e-01 4.36290e+03 2.07736e+01
1.00000e+03 4.52632e-01 4.27322e-01 1.01357e+03 3.27170e+03 4.32364e+03 4.27322e-01 4.32364e+03 2.27151e+01
0.00000e+00 4.84211e-01 2.06996e-04 2.62647e+03 6.97169e+03 2.07847e+01 2.06996e-04 2.07847e+01 2.78952e-03
5.26316e+01 4.84211e-01 2.60816e-02 2.44537e+03 6.90953e+03 1.02048e+03 2.60816e-02 1.02048e+03 3.51480e-01
1.05263e+02 4.84211e-01 3.84496e-02 2.39615e+03 6.84689e+03 1.00386e+03 3.84496e-02 1.00386e+03 5.18154e-01
1.57895e+02 4.84211e-01 6.25647e-02 2.33240e+03 6.77300e+03 1.08334e+03 6.25647e-02 1.08334e+03 8.43134e-01
2.10526e+02 4.84211e-01 8.47133e-02 2.27513e+03 6.68578e+03 1.13363e+03 8.47133e-02 1.13363e+03 1.14161e+00
2.63158e+02 4.84211e-01 1.05827e-01 2.22056e+03 6.59725e+03 1.12126e+03 1.05827e-01 1.12126e+03 1.42614e+00
3.15789e+02 4.84211e-01 1.48416e-01 2.13209e+03 6.43683e+03 1.26665e+03 1.48416e-01 1.26665e+03 2.00009e+00
3.68421e+02 4.84211e-01 2.26920e-01 1.82815e+03 5.72833e+03 1.27522e+03 2.26920e-01 1.27522e+03 3.05802e+00
4.21053e+02 4.84211e-01 3.26796e-01 1.76120e+03 5.66285e+03 1.34327e+03 3.26796e-01 1.34327e+03 4.40396e+00
4.73684e+02 4.84211e-01 3.60484e-01 1.72123e+03 5.60060e+03 1.46506e+03 3.60484e-01 1.46506e+03 4.85796e+00
5.26316e+02 4.84211e-01 3.96802e-01 1.67192e+03 5.50646e+03 1.99233e+03 3.96802e-01 1.99233e+03 5.40680e+00
5.78947e+02 4.84211e-01 4.38897e-01 1.50989e+03 5.12658e+03 1.93985e+03 4.38897e-01 1.93985e+03 5.95982e+00
6.31579e+02 4.84211e-01 5.33962e-01 1.41021e+03 4.95736e+03 3.26049e+03 5.33962e-01 3.26049e+03 7.39154e+00
6.84211e+02 4.84211e-01 5.92982e-01 1.40635e+03 4.97129e+03 3.32797e+03 5.92982e-01 3.32797e+03 8.49550e+00
7.36842e+02 4.84211e-01 5.50969e-01 1.39285e+03 4.90288e+03 3.90437e+03 5.50969e-01 3.90437e+03 1.18088e+01
7.89474e+02 4.84211e-01 5.36464e-01 8.57190e+02 3.23813e+03 4.08635e+03 5.36464e-01 4.08635e+03 1.38814e+01
8.42105e+02 4.84211e-01 5.37158e-01 7.30600e+02 2.70684e+03 4.28753e+03 5.37158e-01 4.28753e+03 1.49261e+01
8.94737e+02 4.84211e-01 5.30184e-01 1.26693e+03 4.50967e+03 3.88154e+03 5.30184e-01 3.88154e+03 1.56381e+01
9.47368e+02 4.84211e-01 5.37216e-01 8.44798e+02 3.11275e+03 3.88747e+03 5.37216e-01 3.88747e+03 1.66542e+01
1.00000e+03 4.84211e-01 4.72427e-01 9.36096e+02 3.19295e+03 4.24823e+03 4.72427e-01 4.24823e+03 1.98726e+01
0.00000e+00 5.15789e-01 2.06996e-04 2.62647e+03 6.97169e+03 2.07847e+01 2.06996e-04 2.07847e+01 2.78952e-03
5.26316e+01 5.15789e-01 2.17346e-02 2.45370e+03 6.90940e+03 9.61340e+02 2.17346e-02 9.61340e+02 2.92900e-01
1.05263e+02 5.15789e-01 3.54999e-02 2.40801e+03 6.84847e+03 1.05703e+03 3.54999e-02 1.05703e+03 4.78404e-01
1.57895e+02 5.15789e-01 5.52163e-02 2.34864e+03 6.78530e+03 1.06044e+03 5.52163e-02 1.06044e+03 7.44106e-01
2.10526e+02 5.15789e-01 7.64335e-02 2.29063e+03 6.69747e+03 1.12126e+03 7.64335e-02 1.12126e+03 1.03003e+00
2.63158e+02 5.15789e-01 9.34589e-02 2.24145e+03 6.62202e+03 1.09368e+03 9.34589e-02 1.09368e+03 1.25947e+00
3.15789e+02 5.15789e-01 1.28027e-01 2.17685e+03 6.51675e+03 1.18881e+03 1.28027e-01 1.18881e+03 1.72532e+00
3.68421e+02 5.15789e-01 1.94628e-01 1.89271e+03 5.84728e+03 1.19588e+03 1.94628e-01 1.19588e+03 2.62285e+00
4.21053e+02 5.15789e-01 2.82705e-01 1.79911e+03 5.72494e+03 1.26475e+03 2.82705e-01 1.26475e+03 3.80979e+00
4.73684e+02 5.15789e-01 3.36007e-01 1.75299e+03 5.65095e+03 1.36034e+03 3.36007e-01 1.36034e+03 4.52810e+00
5.26316e+02 5.15789e-01 3.68764e-01 1.71796e+03 5.60053e+03 1.46506e+03 3.68764e-01 1.46506e+03 4.96954e+00
5.78947e+02 5.15789e-01 4.05127e-01 1.66159e+03 5.48275e+03 1.87242e+03 4.05127e-01 1.87242e+03 5.48211e+00
6.31579e+02 5.15789e-01 4.49192e-01 1.55113e+03 5.24582e+03 1.87789e+03 4.49192e-01 1.87789e+03 6.08674e+00
6.84211e+02 5.15789e-01 5.26586e-01 1.45390e+03 5.06215e+03 3.01092e+03 5.26586e-01 3.01092e+03 7.24649e+00
7.36842e+02 5.15789e-01 5.87039e-01 1.41121e+03 4.98670e+03 3.13993e+03 5.87039e-01 3.13993e+03 8.40135e+00
7.89474e+02 5.15789e-01 5.46262e-01 1.40909e+03 4.94989e+03 3.81644e+03 5.46262e-01 3.81644e+03 1.15228e+01
8.42105e+02 5.15789e-01 5.81481e-01 1.35321e+03 4.76303e+03 3.51295e+03 5.81481e-01 3.51295e+03 1.17746e+01
8.94737e+02 5.15789e-01 5.74725e-01 1.31999e+03 4.69894e+03 3.43979e+03 5.74725e-01 3.43979e+03 1.28890e+01
9.47368e+02 5.15789e-01 5.37866e-01 6.88769e+02 2.61481e+03 4.37507e+03 5.37866e-01 4.37507e+03 1.56255e+01
1.00000e+03 5.15789e-01 5.53591e-01 8.82703e+02 3.27243e+03 3.79661e+03 5.53591e-01 3.79661e+03 1.58787e+01
0.00000e+00 5.47368e-01 2.06996e-04 2.62647e+03 6.97169e+03 2.07847e+01 2.06996e-04 2.07847e+01 2.78952e-03
5.26316e+01 5.47368e-01 1.45933e-02 2.47515e+03 6.90931e+03 8.65055e+02 1.45933e-02 8.65055e+02 1.96662e-01
1.05263e+02 5.47368e-01 2.69613e-02 2.43629e+03 6.85946e+03 9.25087e+02 2.69613e-02 9.25087e+02 3.63336e-01
1.57895e+02 5.47368e-01 4.82302e-02 2.35732e+03 6.79692e+03 9.65845e+02 4.82302e-02 9.65845e+02 6.49959e-01
2.10526e+02 5.47368e-01 6.78431e-02 2.31029e+03 6.72352e+03 1.09281e+03 6.78431e-02 1.09281e+03 9.14267e-01
2.63158e+02 5.47368e-01 8.92155e-02 2.25971e+03 6.64843e+03 1.13308e+03 8.92155e-02 1.13308e+03 1.20229e+00
3.15789e+02 5.47368e-01 1.10381e-01 2.20194e+03 6.54699e+03 1.12462e+03 1.10381e-01 1.12462e+03 1.48751e+00
3.68421e+02 5.47368e-01 1.60267e-01 1.95208e+03 5.93393e+03 1.24741e+03 1.60267e-01 1.24741e+03 2.15979e+00
4.21053e+02 5.47368e-01 2.31008e-01 1.82701e+03 5.73906e+03 1.25311e+03 2.31008e-01 1.25311e+03 3.11311e+00
4.73684e+02 5.47368e-01 3.11116e-01 1.77276e+03 5.67566e+03 1.31673e+03 3.11116e-01 1.31673e+03 4.19266e+00
5.26316e+02 5.47368e-01 3.45011e-01 1.74350e+03 5.63719e+03 1.37819e+03 3.45011e-01 1.37819e+03 4.64944e+00
5.78947e+02 5.47368e-01 3.77355e-01 1.65795e+03 5.44584e+03 1.65063e+03 3.77355e-01 1.65063e+03 5.08530e+00
6.31579e+02 5.47368e-01 4.11129e-01 1.65902e+03 5.48398e+03 1.89829e+03 4.11129e-01 1.89829e+03 5.56998e+00
6.84211e+02 5.47368e-01 4.55838e-01 1.58696e+03 5.34547e+03 1.83229e+03 4.55838e-01 1.83229e+03 6.15718e+00
7.36842e+02 5.47368e-01 5.35425e-01 1.48110e+03 5.14309e+03 3.23342e+03 5.35425e-01 3.23342e+03 7.38039e+00
7.89474e+02 5.47368e-01 5.84016e-01 1.41000e+03 4.98560e+03 2.86454e+03 5.84016e-01 2.86454e+03 8.36300e+00
8.42105e+02 5.47368e-01 5.51157e-01 1.39909e+03 4.94785e+03 3.78399e+03 5.51157e-01 3.78399e+03 1.09789e+01
8.94737e+02 5.47368e-01 5.87084e-01 1.31523e+03 4.69847e+03 3.16236e+03 5.87084e-01 3.16236e+03 1.12885e+01
9.47368e+02 5.47368e-01 5.87232e-01 8.36366e+02 3.22301e+03 3.77233e+03 5.87232e-01 3.77233e+03 1.29301e+01
1.00000e+03 5.47368e-01 5.46265e-01 1.28408e+03 4.58304e+03 3.91440e+03 5.46265e-01 3.91440e+03 1.44700e+01
0.00000e+00 5.78947e-01 2.06996e-04 2.62647e+03 6.97169e+03 2.07847e+01 2.06996e-04 2.07847e+01 2.78952e-03
5.26316e+01 5.78947e-01 1.40758e-02 2.47983e+03 6.92153e+03 8.89789e+02 1.40758e-02 8.89789e+02 1.89688e-01
1.05263e+02 5.78947e-01 2.58228e-02 2.43296e+03 6.85962e+03 9.19017e+02 2.58228e-02 9.19017e+02 3.47993e-01
1.57895e+02 5.78947e-01 4.27965e-02 2.36503e+03 6.79734e+03 9.48842e+02 4.27965e-02 9.48842e+02 5.76734e-01
2.10526e+02 5.78947e-01 5.95632e-02 2.32756e+03 6.73560e+03 1.04879e+03 5.95632e-02 1.04879e+03 8.02686e-01
2.63158e+02 5.78947e-01 7.92279e-02 2.27594e+03 6.65980e+03 1.11054e+03 7.92279e-02 1.11054e+03 1.06769e+00
3.15789e+02 5.78947e-01 9.84786e-02 2.22194e+03 6.57296e+03 1.09238e+03 9.84786e-02 1.09238e+03 1.32712e+00
3.68421e+02 5.78947e-01 1.27303e-01 2.15705e+03 6.45039e+03 1.13363e+03 1.27303e-01 1.13363e+03 1.71556e+00
4.21053e+02 5.78947e-01 1.97319e-01 1.87469e+03 5.81600e+03 1.18441e+03 1.97319e-01 1.18441e+03 2.65911e+00
4.73684e+02 5.78947e-01 2.74788e-01 1.81528e+03 5.76279e+03 1.23699e+03 2.74788e-01 1.23699e+03 3.70309e+00
5.26316e+02 5.78947e-01 3.21983e-01 1.76691e+03 5.67484e+03 1.31673e+03 3.21983e-01 1.31673e+03 4.33911e+00
5.78947e+02 5.78947e-01 3.53446e-01 1.73494e+03 5.62464e+03 1.40710e+03 3.53446e-01 1.40710e+03 4.76311e+00
6.31579e+02 5.78947e-01 3.82736e-01 1.70558e+03 5.58741e+03 1.49409e+03 3.82736e-01 1.49409e+03 5.15783e+00
6.84211e+02 5.78947e-01 4.18571e-01 1.65504e+03 5.48379e+03 1.85231e+03 4.18571e-01 1.85231e+03 5.65855e+00
7.36842e+02 5.78947e-01 4.62163e-01 1.57586e+03 5.32170e+03 1.83229e+03 4.62163e-01 1.83229e+03 6.25063e+00
7.89474e+02 5.78947e-01 5.35901e-01 1.49979e+03 5.19613e+03 3.08430e+03 5.35901e-01 3.08430e+03 7.40828e+00
8.42105e+02 5.78947e-01 5.80525e-01 1.41150e+03 4.98679e+03 2.82290e+03 5.80525e-01 2.82290e+03 8.36997e+00
8.94737e+02 5.78947e-01 5.46357e-01 1.41050e+03 4.98809e+03 3.74082e+03 5.46357e-01 3.74082e+03 1.06476e+01
9.47368e+02 5.78947e-01 5.83420e-01 1.31851e+03 4.69596e+03 3.23210e+03 5.83420e-01 3.23210e+03 1.10326e+01
1.00000e+03 5.78947e-01 5.80560e-01 1.34445e+03 4.76131e+03 3.46306e+03 5.80560e-01 3.46306e+03 1.23562e+01
0.00000e+00 6.10526e-01 2.06996e-04 2.62647e+03 6.97169e+03 2.07847e+01 2.06996e-04 2.07847e+01 2.78952e-03
5.26316e+01 6.10526e-01 7.91762e-03 2.53345e+03 6.92170e+03 5.26553e+02 7.91762e-03 5.26553e+02 1.06699e-01
1.05263e+02 6.10526e-01 2.24074e-02 2.44806e+03 6.87153e+03 9.25087e+02 2.24074e-02 9.25087e+02 3.01966e-01
1.57895e+02 6.10526e-01 3.26537e-02 2.40452e+03 6.80909e+03 8.54718e+02 3.26537e-02 8.54718e+02 4.40048e-01
2.10526e+02 6.10526e-01 5.49058e-02 2.34112e+03 6.75995e+03 1.01781e+03 5.49058e-02 1.01781e+03 7.39921e-01
2.63158e+02 6.10526e-01 7.04306e-02 2.29747e+03 6.68571e+03 1.08472e+03 7.04306e-02 1.08472e+03 9.49136e-01
3.15789e+02 6.10526e-01 9.21652e-02 2.23905e+03 6.59725e+03 1.11736e+03 9.21652e-02 1.11736e+03 1.24204e+00
3.68421e+02 6.10526e-01 1.10226e-01 2.19134e+03 6.50965e+03 1.04827e+03 1.10226e-01 1.04827e+03 1.48542e+00
4.21053e+02 6.10526e-01 1.68754e-01 1.92885e+03 5.89983e+03 1.22939e+03 1.68754e-01 1.22939e+03 2.27416e+00
4.73684e+02 6.10526e-01 2.41358e-01 1.84493e+03 5.80245e+03 1.20003e+03 2.41358e-01 1.20003e+03 3.25259e+00
5.26316e+02 6.10526e-01 2.97506e-01 1.78654e+03 5.70006e+03 1.29066e+03 2.97506e-01 1.29066e+03 4.00924e+00
5.78947e+02 6.10526e-01 3.31091e-01 1.76395e+03 5.67576e+03 1.32705e+03 3.31091e-01 1.32705e+03 4.46185e+00
6.31579e+02 6.10526e-01 3.60691e-01 1.73161e+03 5.62476e+03 1.40710e+03 3.60691e-01 1.40710e+03 4.86075e+00
6.84211e+02 6.10526e-01 3.90706e-01 1.70028e+03 5.57821e+03 1.57101e+03 3.90706e-01 1.57101e+03 5.26523e+00
7.36842e+02 6.10526e-01 4.26156e-01 1.65161e+03 5.48271e+03 1.84784e+03 4.26156e-01 1.84784e+03 5.75688e+00
7.89474e+02 6.10526e-01 4.69807e-01 1.58039e+03 5.34484e+03 1.81539e+03 4.69807e-01 1.81539e+03 6.34966e+00
8.42105e+02 6.10526e-01 5.34253e-01 1.49466e+03 5.18121e+03 2.86454e+03 5.34253e-01 2.86454e+03 7.39015e+00
8.94737e+02 6.10526e-01 5.71953e-01 1.43361e+03 5.04769e+03 2.65699e+03 5.71953e-01 2.65699e+03 8.34138e+00
9.47368e+02 6.10526e-01 5.48181e-01 1.39501e+03 4.97192e+03 3.84878e+03 5.48181e-01 3.84878e+03 1.03219e+01
1.00000e+03 6.10526e-01 5.82494e-01 1.38361e+03 4.91701e+03 2.98338e+03 5.82494e-01 2.98338e+03 1.07446e+01
0.00000e+00 6.42105e-01 2.06996e-04 2.62647e+03 6.97169e+03 2.07847e+01 2.06996e-04 2.07847e+01 2.78952e-03
5.26316e+01 6.42105e-01 6.72739e-03 2.54421e+03 6.92161e+03 4.48955e+02 6.72739e-03 4.48955e+02 9.06596e-02
1.05263e+02 6.42105e-01 1.80087e-02 2.46154e+03 6.87154e+03 8.61043e+02 1.80087e-02 8.61043e+02 2.42689e-01
1.57895e+02 6.42105e-01 3.06872e-02 2.40474e+03 6.80908e+03 8.96472e+02 3.06872e-02 8.96472e+02 4.13547e-01
2.10526e+02 6.42105e-01 4.78162e-02 2.34725e+03 6.76112e+03 9.32098e+02 4.78162e-02 9.32098e+02 6.44380e-01
2.63158e+02 6.42105e-01 6.48416e-02 2.31026e+03 6.69815e+03 1.07618e+03 6.48416e-02 1.07618e+03 8.73819e-01
3.15789e+02 6.42105e-01 8.41441e-02 2.25926e+03 6.62273e+03 1.09826e+03 8.41441e-02 1.09826e+03 1.13394e+00
3.68421e+02 6.42105e-01 1.02049e-01 2.20712e+03 6.53564e+03 1.07618e+03 1.02049e-01 1.07618e+03 1.37524e+00
4.21053e+02 6.42105e-01 1.37860e-01 2.14065e+03 6.42278e+03 1.09631e+03 1.37860e-01 1.09631e+03 1.85782e+00
4.73684e+02 6.42105e-01 1.96698e-01 1.89120e+03 5.85490e+03 1.14650e+03 1.96698e-01 1.14650e+03 2.65075e+00
5.26316e+02 6.42105e-01 2.65421e-01 1.82597e+03 5.77816e+03 1.22730e+03 2.65421e-01 1.22730e+03 3.57687e+00
5.78947e+02 6.42105e-01 3.08373e-01 1.77765e+03 5.68721e+03 1.30237e+03 3.08373e-01 1.30237e+03 4.15569e+00
6.31579e+02 6.42105e-01 3.39578e-01 1.75450e+03 5.66239e+03 1.34327e+03 3.39578e-01 1.34327e+03 4.57622e+00
6.84211e+02 6.42105e-01 3.68350e-01 1.72016e+03 5.60036e+03 1.43606e+03 3.68350e-01 1.43606e+03 4.96396e+00
7.36842e+02 6.42105e-01 3.97795e-01 1.69094e+03 5.56312e+03 1.57101e+03 3.97795e-01 1.57101e+03 5.36077e+00
7.89474e+02 6.42105e-01 4.70988e-01 1.62348e+03 5.48248e+03 3.61159e+03 4.70988e-01 3.61159e+03 6.74926e+00
8.42105e+02 6.42105e-01 4.75622e-01 1.59496e+03 5.38309e+03 1.77804e+03 4.75622e-01 1.77804e+03 6.42707e+00
8.94737e+02 6.42105e-01 5.33326e-01 1.52696e+03 5.27062e+03 2.86454e+03 5.33326e-01 2.86454e+03 7.37969e+00
9.47368e+02 6.42105e-01 5.66092e-01 1.44873e+03 5.08151e+03 2.75514e+03 5.66092e-01 2.75514e+03 8.51014e+00
1.00000e+03 6.42105e-01 5.51716e-01 1.40411e+03 5.01222e+03 3.71929e+03 5.51716e-01 3.71929e+03 1.01058e+01
0.00000e+00 6.73684e-01 2.06996e-04 2.62647e+03 6.97169e+03 2.07847e+01 2.06996e-04 2.07847e+01 2.78952e-03
5.26316e+01 6.73684e-01 6.26164e-03 2.54659e+03 6.92162e+03 4.25374e+02 6.26164e-03 4.25374e+02 8.43831e-02
1.05263e+02 6.73684e-01 1.50590e-02 2.47013e+03 6.87175e+03 8.43858e+02 1.50590e-02 8.43858e+02 2.02938e-01
1.57895e+02 6.73684e-01 2.65990e-02 2.42692e+03 6.82302e+03 8.89789e+02 2.65990e-02 8.89789e+02 3.58454e-01
2.10526e+02 6.73684e-01 4.23308e-02 2.36079e+03 6.77293e+03 9.02390e+02 4.23308e-02 9.02390e+02 5.70458e-01
2.63158e+02 6.73684e-01 5.77003e-02 2.31775e+03 6.69804e+03 9.96262e+02 5.77003e-02 9.96262e+02 7.77580e-01
3.15789e+02 6.73684e-01 7.58125e-02 2.27828e+03 6.64672e+03 1.08472e+03 7.58125e-02 1.08472e+03 1.02166e+00
3.68421e+02 6.73684e-01 9.66674e-02 2.22243e+03 6.55874e+03 1.10420e+03 9.66674e-02 1.10420e+03 1.30271e+00
4.21053e+02 6.73684e-01 1.20938e-01 2.17024e+03 6.46206e+03 1.04827e+03 1.20938e-01 1.04827e+03 1.62978e+00
4.73684e+02 6.73684e-01 1.62803e-01 1.93513e+03 5.91030e+03 1.12393e+03 1.62803e-01 1.12393e+03 2.19396e+00
5.26316e+02 6.73684e-01 2.37218e-01 1.86284e+03 5.83850e+03 1.15201e+03 2.37218e-01 1.15201e+03 3.19680e+00
5.78947e+02 6.73684e-01 2.84258e-01 1.81513e+03 5.76519e+03 1.23699e+03 2.84258e-01 1.23699e+03 3.83072e+00
6.31579e+02 6.73684e-01 3.18309e-01 1.77311e+03 5.68769e+03 1.30237e+03 3.18309e-01 1.30237e+03 4.28959e+00
6.84211e+02 6.73684e-01 3.46564e-01 1.74723e+03 5.64968e+03 1.36251e+03 3.46564e-01 1.36251e+03 4.67036e+00
7.36842e+02 6.73684e-01 3.74405e-01 1.71786e+03 5.60077e+03 1.43606e+03 3.74405e-01 1.43606e+03 5.04555e+00
7.89474e+02 6.73684e-01 4.03902e-01 1.68813e+03 5.56292e+03 1.55120e+03 4.03902e-01 1.55120e+03 5.44306e+00
8.42105e+02 6.73684e-01 4.37953e-01 1.64742e+03 5.48336e+03 1.64627e+03 4.37953e-01 1.64627e+03 5.90194e+00
8.94737e+02 6.73684e-01 4.80699e-01 1.57079e+03 5.32216e+03 1.77825e+03 4.80699e-01 1.77825e+03 6.50587e+00
9.47368e+02 6.73684e-01 5.30469e-01 1.51343e+03 5.23178e+03 2.54561e+03 5.30469e-01 2.54561e+03 7.36644e+00
1.00000e+03 6.73684e-01 5.64818e-01 1.45799e+03 5.11435e+03 2.68241e+03 5.64818e-01 2.68241e+03 8.47806e+00
0.00000e+00 7.05263e-01 2.06996e-04 2.62647e+03 6.97169e+03 2.07847e+01 2.06996e-04 2.07847e+01 2.78952e-03
5.26316e+01 7.05263e-01 5.48541e-03 2.55477e+03 6.92164e+03 3.88091e+02 5.48541e-03 3.88091e+02 7.39224e-02
1.05263e+02 7.05263e-01 1.13331e-02 2.50982e+03 6.88404e+03 5.41555e+02 1.13331e-02 5.41555e+02 1.52726e-01
1.57895e+02 7.05263e-01 2.40116e-02 2.43383e+03 6.83382e+03 8.96472e+02 2.40116e-02 8.96472e+02 3.23585e-01
2.10526e+02 7.05263e-01 3.90706e-02 2.37340e+03 6.78401e+03 8.78628e+02 3.90706e-02 8.78628e+02 5.26523e-01
2.63158e+02 7.05263e-01 5.31981e-02 2.33440e+03 6.72340e+03 9.48842e+02 5.31981e-02 9.48842e+02 7.16908e-01
3.15789e+02 7.05263e-01 6.85158e-02 2.29181e+03 6.65868e+03 1.03892e+03 6.85158e-02 1.03892e+03 9.23333e-01
3.68421e+02 7.05263e-01 8.64728e-02 2.24340e+03 6.58324e+03 1.06925e+03 8.64728e-02 1.06925e+03 1.16532e+00
4.21053e+02 7.05263e-01 1.06862e-01 2.19435e+03 6.50032e+03 1.05325e+03 1.06862e-01 1.05325e+03 1.44009e+00
4.73684e+02 7.05263e-01 1.40706e-01 2.12819e+03 6.38699e+03 1.04827e+03 1.40706e-01 1.04827e+03 1.89618e+00
5.26316e+02 7.05263e-01 2.14707e-01 1.82887e+03 5.72632e+03 1.34327e+03 2.14707e-01 1.34327e+03 2.89343e+00
5.78947e+02 7.05263e-01 2.55744e-01 1.83984e+03 5.80192e+03 1.20003e+03 2.55744e-01 1.20003e+03 3.44646e+00
6.31579e+02 7.05263e-01 2.97247e-01 1.80440e+03 5.75099e+03 1.24704e+03 2.97247e-01 1.24704e+03 4.00576e+00
6.84211e+02 7.05263e-01 3.27210e-01 1.76971e+03 5.68804e+03 1.30237e+03 3.27210e-01 1.30237e+03 4.40954e+00
7.36842e+02 7.05263e-01 3.53860e-01 1.73995e+03 5.63737e+03 1.37227e+03 3.53860e-01 1.37227e+03 4.76869e+00
7.89474e+02 7.05263e-01 3.80460e-01 1.71625e+03 5.60201e+03 1.43721e+03 3.80460e-01 1.43721e+03 5.12715e+00
8.42105e+02 7.05263e-01 4.08818e-01 1.68614e+03 5.56267e+03 1.54209e+03 4.08818e-01 1.54209e+03 5.50931e+00
8.94737e+02 7.05263e-01 4.44140e-01 1.64469e+03 5.48351e+03 1.61594e+03 4.44140e-01 1.61594e+03 5.98632e+00
9.47368e+02 7.05263e-01 4.84996e-01 1.57910e+03 5.34676e+03 1.75159e+03 4.84996e-01 1.75159e+03 6.57421e+00
1.00000e+03 7.05263e-01 5.31874e-01 1.51298e+03 5.23317e+03 2.42937e+03 5.31874e-01 2.42937e+03 7.40479e+00
0.00000e+00 7.36842e-01 2.06996e-04 2.62647e+03 6.97169e+03 2.07847e+01 2.06996e-04 2.07847e+01 2.78952e-03
5.26316e+01 7.36842e-01 5.17491e-03 2.55650e+03 6.92160e+03 3.88091e+02 5.17491e-03 3.88091e+02 6.97381e-02
1.05263e+02 7.36842e-01 1.05051e-02 2.51193e+03 6.88384e+03 5.62201e+02 1.05051e-02 5.62201e+02 1.41568e-01
1.57895e+02 7.36842e-01 2.22521e-02 2.43765e+03 6.83455e+03 8.56229e+02 2.22521e-02 8.56229e+02 2.99874e-01
2.10526e+02 7.36842e-01 2.82550e-02 2.41117e+03 6.78507e+03 7.80523e+02 2.82550e-02 7.80523e+02 3.80770e-01
2.63158e+02 7.36842e-01 4.83337e-02 2.34215e+03 6.73418e+03 8.96472e+02 4.83337e-02 8.96472e+02 6.51354e-01
3.15789e+02 7.36842e-01 6.20989e-02 2.30372e+03 6.66033e+03 1.01193e+03 6.20989e-02 1.01193e+03 8.36857e-01
3.68421e+02 7.36842e-01 7.50880e-02 2.26413e+03 6.59657e+03 9.65845e+02 7.50880e-02 9.65845e+02 1.01190e+00
4.21053e+02 7.36842e-01 9.58911e-02 2.21700e+03 6.53368e+03 1.09631e+03 9.58911e-02 1.09631e+03 1.29225e+00
4.73684e+02 7.36842e-01 1.26734e-01 2.15543e+03 6.43411e+03 1.02947e+03 1.26734e-01 1.02947e+03 1.70789e+00
5.26316e+02 7.36842e-01 1.66736e-01 1.95456e+03 5.96276e+03 1.08427e+03 1.66736e-01 1.08427e+03 2.24696e+00
5.78947e+02 7.36842e-01 2.30180e-01 1.87763e+03 5.86438e+03 1.12610e+03 2.30180e-01 1.12610e+03 3.10195e+00
6.31579e+02 7.36842e-01 2.72925e-01 1.82849e+03 5.78935e+03 1.20994e+03 2.72925e-01 1.20994e+03 3.67799e+00
6.84211e+02 7.36842e-01 3.07131e-01 1.78261e+03 5.70019e+03 1.29066e+03 3.07131e-01 1.29066e+03 4.13896e+00
7.36842e+02 7.36842e-01 3.34248e-01 1.76062e+03 5.67633e+03 1.31673e+03 3.34248e-01 1.31673e+03 4.50439e+00
7.89474e+02 7.36842e-01 3.60898e-01 1.73208e+03 5.62571e+03 1.37819e+03 3.60898e-01 1.37819e+03 4.86354e+00
8.42105e+02 7.36842e-01 3.85893e-01 1.70735e+03 5.58751e+03 1.46506e+03 3.85893e-01 1.46506e+03 5.20037e+00
8.94737e+02 7.36842e-01 4.14873e-01 1.68185e+03 5.55903e+03 1.54701e+03 4.14873e-01 1.54701e+03 5.59091e+00
9.47368e+02 7.36842e-01 4.50854e-01 1.63703e+03 5.46870e+03 1.62164e+03 4.50854e-01 1.62164e+03 6.08186e+00
1.00000e+03 7.36842e-01 4.89133e-01 1.57714e+03 5.34506e+03 1.74932e+03 4.89133e-01 1.74932e+03 6.64046e+00
0.00000e+00 7.68421e-01 2.06996e-04 2.62647e+03 6.97169e+03 2.07847e+01 2.06996e-04 2.07847e+01 2.78952e-03
5.26316e+01 7.68421e-01 4.60567e-03 2.56488e+03 6.93397e+03 3.78178e+02 4.60567e-03 3.78178e+02 6.20669e-02
1.05263e+02 7.68421e-01 9.78058e-03 2.51569e+03 6.88377e+03 5.43346e+02 9.78058e-03 5.43346e+02 1.31805e-01
1.57895e+02 7.68421e-01 1.93542e-02 2.44870e+03 6.83478e+03 8.78127e+02 1.93542e-02 8.78127e+02 2.60821e-01
2.10526e+02 7.68421e-01 2.87725e-02 2.41328e+03 6.79648e+03 9.31915e+02 2.87725e-02 9.31915e+02 3.87744e-01
2.63158e+02 7.68421e-01 4.59015e-02 2.35298e+03 6.74737e+03 9.47505e+02 4.59015e-02 9.47505e+02 6.18577e-01
3.15789e+02 7.68421e-01 5.75450e-02 2.31804e+03 6.68605e+03 9.47684e+02 5.75450e-02 9.47684e+02 7.75488e-01
3.68421e+02 7.68421e-01 7.30180e-02 2.27343e+03 6.62111e+03 1.03892e+03 7.30180e-02 1.03892e+03 9.84005e-01
4.21053e+02 7.68421e-01 9.10785e-02 2.22852e+03 6.54709e+03 1.05854e+03 9.10785e-02 1.05854e+03 1.22739e+00
4.73684e+02 7.68421e-01 1.13693e-01 2.18001e+03 6.47225e+03 1.03996e+03 1.13693e-01 1.03996e+03 1.53215e+00
5.26316e+02 7.68421e-01 1.48986e-01 1.98152e+03 5.98092e+03 1.16606e+03 1.48986e-01 1.16606e+03 2.00776e+00
5.78947e+02 7.68421e-01 2.00476e-01 1.91995e+03 5.92999e+03 1.07068e+03 2.00476e-01 1.07068e+03 2.70165e+00
6.31579e+02 7.68421e-01 2.47464e-01 1.85884e+03 5.84194e+03 1.17259e+03 2.47464e-01 1.17259e+03 3.33488e+00
6.84211e+02 7.68421e-01 2.86017e-01 1.81353e+03 5.76412e+03 1.23699e+03 2.86017e-01 1.23699e+03 3.85443e+00
7.36842e+02 7.68421e-01 3.14221e-01 1.78361e+03 5.71372e+03 1.27925e+03 3.14221e-01 1.27925e+03 4.23450e+00
7.89474e+02 7.68421e-01 3.42010e-01 1.75333e+03 5.66356e+03 1.32822e+03 3.42010e-01 1.32822e+03 4.60899e+00
8.42105e+02 7.68421e-01 3.67988e-01 1.72792e+03 5.62470e+03 1.40710e+03 3.67988e-01 1.40710e+03 4.95908e+00
8.94737e+02 7.68421e-01 3.92362e-01 1.70356e+03 5.58763e+03 1.47097e+03 3.92362e-01 1.47097e+03 5.28754e+00
9.47368e+02 7.68421e-01 4.21600e-01 1.67676e+03 5.55048e+03 1.54701e+03 4.21600e-01 1.54701e+03 5.68156e+00
1.00000e+03 7.68421e-01 4.55439e-01 1.63511e+03 5.46865e+03 1.62164e+03 4.55439e-01 1.62164e+03 6.14672e+00
0.00000e+00 8.00000e-01 2.06996e-04 2.62647e+03 6.97169e+03 2.07847e+01 2.06996e-04 2.07847e+01 2.78952e-03
5.26316e+01 8.00000e-01 3.98468e-03 2.56809e+03 6.93396e+03 3.50948e+02 3.98468e-03 3.50948e+02 5.36984e-02
1.05263e+02 8.00000e-01 8.12461e-03 2.53241e+03 6.89623e+03 4.36703e+02 8.12461e-03 4.36703e+02 1.09489e-01
1.57895e+02 8.00000e-01 1.64045e-02 2.45945e+03 6.84640e+03 7.85374e+02 1.64045e-02 7.85374e+02 2.21070e-01
2.10526e+02 8.00000e-01 2.58228e-02 2.42172e+03 6.79695e+03 8.96472e+02 2.58228e-02 8.96472e+02 3.47993e-01
2.63158e+02 8.00000e-01 4.15028e-02 2.36762e+03 6.75956e+03 9.19017e+02 4.15028e-02 9.19017e+02 5.59300e-01
3.15789e+02 8.00000e-01 5.17491e-02 2.32800e+03 6.69773e+03 8.93980e+02 5.17491e-02 8.93980e+02 6.97381e-01
3.68421e+02 8.00000e-01 6.79466e-02 2.28689e+03 6.63480e+03 1.06623e+03 6.79466e-02 1.06623e+03 9.15662e-01
4.21053e+02 8.00000e-01 8.32126e-02 2.24630e+03 6.57166e+03 1.04827e+03 8.32126e-02 1.04827e+03 1.12139e+00
4.73684e+02 8.00000e-01 1.04016e-01 2.19790e+03 6.49729e+03 1.06044e+03 1.04016e-01 1.06044e+03 1.40174e+00
5.26316e+02 8.00000e-01 1.30615e-01 2.13944e+03 6.39658e+03 1.03892e+03 1.30615e-01 1.03892e+03 1.76019e+00
5.78947e+02 8.00000e-01 1.66839e-01 1.96852e+03 5.98942e+03 1.06515e+03 1.66839e-01 1.06515e+03 2.24836e+00
6.31579e+02 8.00000e-01 2.22935e-01 1.89508e+03 5.89242e+03 1.10859e+03 2.22935e-01 1.10859e+03 3.00432e+00
6.84211e+02 8.00000e-01 2.62886e-01 1.84753e+03 5.82740e+03 1.17289e+03 2.62886e-01 1.17289e+03 3.54270e+00
7.36842e+02 8.00000e-01 2.96885e-01 1.80465e+03 5.75176e+03 1.24704e+03 2.96885e-01 1.24704e+03 4.00088e+00
7.89474e+02 8.00000e-01 3.23898e-01 1.77482e+03 5.70033e+03 1.29066e+03 3.23898e-01 1.29066e+03 4.36491e+00
8.42105e+02 8.00000e-01 3.48479e-01 1.74632e+03 5.65097e+03 1.34327e+03 3.48479e-01 1.34327e+03 4.69617e+00
8.94737e+02 8.00000e-01 3.72852e-01 1.72414e+03 5.61466e+03 1.40710e+03 3.72852e-01 1.40710e+03 5.02463e+00
9.47368e+02 8.00000e-01 3.98779e-01 1.69861e+03 5.57825e+03 1.47097e+03 3.98779e-01 1.47097e+03 5.37402e+00
1.00000e+03 8.00000e-01 4.26982e-01 1.67289e+03 5.54172e+03 1.54701e+03 4.26982e-01 1.54701e+03 5.75409e+00
